>>03/02/21 07:02:48
REGRESSION
----------
SUMMARY OF OUTPUT: SPATIAL LAG MODEL - MAXIMUM LIKELIHOOD ESTIMATION
Data set            : Ocup_BR104_OF
Spatial Weight      : Ocup_BR104_OF
Dependent Variable  :   ocup_2010  Number of Observations: 1217
Mean dependent var  :    0.670501  Number of Variables   :    4
S.D. dependent var  :    0.470031  Degrees of Freedom    : 1213
Lag coeff.   (Rho)  :     0.98965

R-squared           :    0.975097  Log likelihood        :     1372.78
Sq. Correlation     : -            Akaike info criterion :    -2737.56
Sigma-square        :   0.0055018  Schwarz criterion     :    -2717.14
S.E of regression   :   0.0741741

-----------------------------------------------------------------------------
       Variable       Coefficient     Std.Error       z-value    Probability
-----------------------------------------------------------------------------
       W_ocup_2010       0.98965     0.00374281        264.414     0.00000
          CONSTANT    -0.0287685      0.0117943       -2.43919     0.01472
          Dens_hab       1.50306       0.397202        3.78411     0.00015
        IVS_REN_10     0.0599179       0.026552        2.25662     0.02403
-----------------------------------------------------------------------------

REGRESSION DIAGNOSTICS
DIAGNOSTICS FOR HETEROSKEDASTICITY 
RANDOM COEFFICIENTS
TEST                                     DF      VALUE        PROB
Breusch-Pagan test                       2       633.3226     0.00000

DIAGNOSTICS FOR SPATIAL DEPENDENCE
SPATIAL LAG DEPENDENCE FOR WEIGHT MATRIX : Ocup_BR104_OF
TEST                                     DF      VALUE        PROB
Likelihood Ratio Test                    1      4055.2040     0.00000

COEFFICIENTS VARIANCE MATRIX
   CONSTANT    Dens_hab  IVS_REN_10  W_ocup_2010 
   0.000139   -0.002443   -0.000299    0.000009 
  -0.002443    0.157770    0.003920   -0.000290 
  -0.000299    0.003920    0.000705   -0.000036 
   0.000009   -0.000290   -0.000036    0.000014 


  OBS       ocup_2010        PREDICTED        RESIDUAL       PRED ERROR
    1                0         0.09139        -0.00156        -0.09139
    2                0         0.09242        -0.00156        -0.09242
    3                0         0.09601        -0.00156        -0.09601
    4                0         0.09242        -0.00156        -0.09242
    5                0         0.09139        -0.00156        -0.09139
    6                0         0.09139        -0.00156        -0.09139
    7                0         0.08952         0.00088        -0.08952
    8                0         0.08883         0.00088        -0.08883
    9                0         0.08810         0.00444        -0.08810
   10                0         0.08910         0.00444        -0.08910
   11                0         0.08634         0.00444        -0.08634
   12                0         0.08680         0.00425        -0.08680
   13                0         0.08680         0.00425        -0.08680
   14                0         0.08950         0.00425        -0.08950
   15                0         0.10138         0.00403        -0.10138
   16                0         0.10347         0.00403        -0.10347
   17                0         0.07777         0.00606        -0.07777
   18                0         0.09553         0.00606        -0.09553
   19                0         0.09372         0.00606        -0.09372
   20                0         0.10630         0.00606        -0.10630
   21                0         0.11358         0.00410        -0.11358
   22                0         0.11038         0.00410        -0.11038
   23                0         0.12527         0.00410        -0.12527
   24                0         0.10606         0.00606        -0.10606
   25                0         0.15385         0.00546        -0.15385
   26                0         0.12071         0.00546        -0.12071
   27                0         0.14578         0.00546        -0.14578
   28                0         0.12091         0.00546        -0.12091
   29                0         0.20134         0.00268        -0.20134
   30                0         0.20423         0.00268        -0.20423
   31                0         0.20676         0.00268        -0.20676
   32                0         0.19959         0.00268        -0.19959
   33                0         0.19293         0.00388        -0.19293
   34                0         0.15445         0.00388        -0.15445
   35                0         0.24201         0.00178        -0.24201
   36                0         0.27763         0.00178        -0.27763
   37                0         0.29398         0.00178        -0.29398
   38                0         0.30070         0.00178        -0.30070
   39                0         0.29692         0.00178        -0.29692
   40                0         0.29323         0.00178        -0.29323
   41                0         0.27103         0.00178        -0.27103
   42                0         0.26391         0.00178        -0.26391
   43                0         0.23662         0.00178        -0.23662
   44                0         0.26330         0.00178        -0.26330
   45                0         0.32396        -0.01779        -0.32396
   46                0         0.33568        -0.01779        -0.33568
   47                0         0.33146        -0.01779        -0.33146
   48                0         0.33157        -0.01779        -0.33157
   49                0         0.31118        -0.01779        -0.31118
   50                0         0.31765        -0.01779        -0.31765
   51                0         0.31971        -0.01779        -0.31971
   52                0         0.35136        -0.01779        -0.35136
   53                0         0.35694        -0.01779        -0.35694
   54                0         0.36512        -0.01779        -0.36512
   55                0         0.35926        -0.01779        -0.35926
   56                0         0.37206        -0.01779        -0.37206
   57                0         0.35383        -0.01779        -0.35383
   58                0         0.31012        -0.01779        -0.31012
   59                0         0.33125        -0.01472        -0.33125
   60                0         0.33856        -0.01472        -0.33856
   61                0         0.34191        -0.01472        -0.34191
   62                0         0.33035        -0.01472        -0.33035
   63                0         0.31955        -0.01472        -0.31955
   64                0         0.33369        -0.01472        -0.33369
   65                0         0.34925        -0.01472        -0.34925
   66                0         0.35419        -0.01472        -0.35419
   67                0         0.35554        -0.01472        -0.35554
   68                0         0.35902        -0.01472        -0.35902
   69                0         0.36159        -0.01472        -0.36159
   70                0         0.35941        -0.01472        -0.35941
   71                0         0.36127        -0.01472        -0.36127
   72                0         0.35223        -0.01472        -0.35223
   73                0         0.34698        -0.01472        -0.34698
   74                0         0.36036        -0.01472        -0.36036
   75                0         0.36489        -0.01472        -0.36489
   76                0         0.36976        -0.01472        -0.36976
   77                0         0.37246        -0.01472        -0.37246
   78                0         0.38432        -0.01472        -0.38432
   79                0         0.38526        -0.01472        -0.38526
   80                0         0.38992        -0.01472        -0.38992
   81                0         0.38451        -0.01472        -0.38451
   82                0         0.38543        -0.01472        -0.38543
   83                0         0.38409        -0.01472        -0.38409
   84                0         0.36776        -0.01472        -0.36776
   85                0         0.33095        -0.01472        -0.33095
   86                0         0.36812        -0.01472        -0.36812
   87                0         0.38121        -0.01472        -0.38121
   88                0         0.38364        -0.01472        -0.38364
   89                0         0.37908        -0.01472        -0.37908
   90                0         0.36670        -0.01472        -0.36670
   91                0         0.35995        -0.01472        -0.35995
   92                0         0.34332        -0.01472        -0.34332
   93                0         0.34096        -0.01472        -0.34096
   94                0         0.38583        -0.01472        -0.38583
   95                0         0.37990        -0.01472        -0.37990
   96                0         0.37258        -0.01472        -0.37258
   97                0         0.36542        -0.01472        -0.36542
   98                0         0.35884        -0.01472        -0.35884
   99                0         0.31060        -0.01472        -0.31060
  100                0         0.35105        -0.01472        -0.35105
  101                0         0.35053        -0.01472        -0.35053
  102                0         0.34372        -0.01472        -0.34372
  103                0         0.33764        -0.01472        -0.33764
  104                0         0.33438        -0.01472        -0.33438
  105                0         0.32805        -0.01472        -0.32805
  106                0         0.29366        -0.01472        -0.29366
  107                0         0.36785        -0.01472        -0.36785
  108                0         0.38494        -0.01472        -0.38494
  109                0         0.36669        -0.01472        -0.36669
  110                0         0.38483        -0.01472        -0.38483
  111                0         0.35085        -0.01472        -0.35085
  112                0         0.35007        -0.01472        -0.35007
  113                0         0.35619        -0.01472        -0.35619
  114                0         0.34727        -0.01472        -0.34727
  115                0         0.20535         0.00381        -0.20535
  116                0         0.20552         0.00381        -0.20552
  117                0         0.19795         0.00381        -0.19795
  118                0         0.19789         0.00381        -0.19789
  119                0         0.20183         0.00381        -0.20183
  120                0         0.20651         0.00381        -0.20651
  121                0         0.21317         0.00381        -0.21317
  122                0         0.21651         0.00381        -0.21651
  123                0         0.21696         0.00381        -0.21696
  124                0         0.21696         0.00381        -0.21696
  125                0         0.21696         0.00381        -0.21696
  126                0         0.19724         0.00381        -0.19724
  127                0         0.21949         0.00122        -0.21949
  128                0         0.21097         0.00122        -0.21097
  129                0         0.21949         0.00122        -0.21949
  130                0         0.21949         0.00122        -0.21949
  131                0         0.21949         0.00122        -0.21949
  132                0         0.21097         0.00122        -0.21097
  133                0         0.21097         0.00122        -0.21097
  134                0         0.21949         0.00122        -0.21949
  135                0         0.21949         0.00122        -0.21949
  136                0         0.21097         0.00122        -0.21097
  137                0         0.21097         0.00122        -0.21097
  138                0         0.21949         0.00122        -0.21949
  139                0         0.21949         0.00122        -0.21949
  140                0         0.21949         0.00122        -0.21949
  141                0         0.22711        -0.00320        -0.22711
  142                0         0.24066        -0.00320        -0.24066
  143                0         0.20690        -0.00320        -0.20690
  144                0         0.24193        -0.00320        -0.24193
  145                0         0.29402        -0.00699        -0.29402
  146                0         0.31738        -0.00699        -0.31738
  147                0         0.31811        -0.00699        -0.31811
  148                0         0.30910        -0.00699        -0.30910
  149                0         0.30739        -0.00699        -0.30739
  150                0         0.31001        -0.00699        -0.31001
  151                0         0.30401        -0.00699        -0.30401
  152                0         0.29960        -0.00699        -0.29960
  153                0         0.28091        -0.00699        -0.28091
  154                0         0.26613        -0.00699        -0.26613
  155                0         0.27763        -0.00699        -0.27763
  156                0         0.25955        -0.00699        -0.25955
  157                0         0.22952        -0.00699        -0.22952
  158                0         0.27522        -0.00699        -0.27522
  159                0         0.24503        -0.00699        -0.24503
  160                0         0.27621        -0.00699        -0.27621
  161                0         0.27767        -0.00699        -0.27767
  162                0         0.27767        -0.00699        -0.27767
  163                0         0.27767        -0.00699        -0.27767
  164                0         0.27767        -0.00699        -0.27767
  165                0         0.27767        -0.00699        -0.27767
  166                0         0.28002        -0.00699        -0.28002
  167                0         0.26516        -0.00699        -0.26516
  168                0         0.23181        -0.00699        -0.23181
  169                0         0.27767        -0.00699        -0.27767
  170                0         0.26109        -0.00699        -0.26109
  171                0         0.26830        -0.00699        -0.26830
  172                0         0.27847        -0.00699        -0.27847
  173                0         0.28247        -0.00699        -0.28247
  174                0         0.28282        -0.00699        -0.28282
  175                0         0.28282        -0.00699        -0.28282
  176                0         0.28355        -0.00699        -0.28355
  177                0         0.28796        -0.00699        -0.28796
  178                0         0.29992        -0.00699        -0.29992
  179                0         0.30749        -0.00699        -0.30749
  180                0         0.30969        -0.00699        -0.30969
  181                0         0.31378        -0.00699        -0.31378
  182                0         0.28069        -0.00699        -0.28069
  183                0         0.27842        -0.00699        -0.27842
  184                0         0.30601        -0.01404        -0.30601
  185                0         0.32117        -0.01404        -0.32117
  186                0         0.32613        -0.01404        -0.32613
  187                0         0.13964         0.00715        -0.13964
  188                0         0.17077         0.00715        -0.17077
  189                0         0.16127         0.00715        -0.16127
  190                0         0.15747         0.00715        -0.15747
  191                0         0.15347         0.00715        -0.15347
  192                0         0.15690         0.00715        -0.15690
  193                0         0.16519         0.00715        -0.16519
  194                0         0.15644         0.00715        -0.15644
  195                0         0.14919         0.00715        -0.14919
  196                0         0.18090         0.00715        -0.18090
  197                0         0.19676         0.00715        -0.19676
  198                0         0.18393         0.00715        -0.18393
  199                0         0.16683         0.00715        -0.16683
  200                0         0.16284         0.00715        -0.16284
  201                0         0.27616         0.00532        -0.27616
  202                0         0.20400         0.00532        -0.20400
  203                0         0.23299         0.00532        -0.23299
  204                0         0.20993         0.00532        -0.20993
  205                0         0.20722         0.00532        -0.20722
  206                0         0.21043         0.00295        -0.21043
  207                0         0.21080         0.00295        -0.21080
  208                0         0.17712         0.00295        -0.17712
  209                0         0.24634         0.00295        -0.24634
  210                0         0.21080         0.00295        -0.21080
  211                1         0.42096         0.01713         0.57904
  212                1         0.42209         0.01713         0.57791
  213                1         0.41926         0.01713         0.58074
  214                1         0.44962         0.01713         0.55038
  215                1         0.42244         0.01713         0.57756
  216                1         0.41422         0.01713         0.58578
  217                1         0.41798         0.01773         0.58202
  218                1         0.44170         0.01762         0.55830
  219                1         0.42269         0.01762         0.57731
  220                1         0.44746         0.01762         0.55254
  221                1         0.42142         0.01762         0.57858
  222                1         0.41935         0.01762         0.58065
  223                1         0.41966         0.01762         0.58034
  224                1         0.41233         0.01762         0.58767
  225                1         0.41834         0.01762         0.58166
  226                1         0.41169         0.01762         0.58831
  227                1         0.41899         0.01762         0.58101
  228                1         0.49765         0.03493         0.50235
  229                1         0.45149         0.01139         0.54851
  230                1         0.43468         0.01139         0.56532
  231                1         0.48703         0.01417         0.51297
  232                1         0.43200         0.01417         0.56800
  233                1         0.43200         0.01417         0.56800
  234                1         0.43200         0.01417         0.56800
  235                1         0.45534         0.01417         0.54466
  236                1         0.52260         0.01109         0.47740
  237                1         0.45834         0.01109         0.54166
  238                1         0.50403         0.01109         0.49597
  239                1         0.50403         0.01109         0.49597
  240                1         0.47302         0.01109         0.52698
  241                1         0.50403         0.01109         0.49597
  242                1         0.50547         0.01109         0.49453
  243                1         0.52222         0.00783         0.47778
  244                1         0.52092         0.00783         0.47908
  245                1         0.53780         0.00783         0.46220
  246                1         0.58395        -0.00575         0.41605
  247                1         0.57813        -0.00575         0.42187
  248                1         0.57448        -0.00575         0.42552
  249                1         0.54865        -0.00575         0.45135
  250                1         0.62770         0.00141         0.37230
  251                1         0.63175         0.00141         0.36825
  252                1         0.61959         0.00141         0.38041
  253                1         0.62020         0.00141         0.37980
  254                1         0.60725         0.00141         0.39275
  255                1         0.59785         0.00141         0.40215
  256                1         0.59652         0.00141         0.40348
  257                1         0.59404         0.00141         0.40596
  258                1         0.59450         0.00141         0.40550
  259                1         0.59086         0.00141         0.40914
  260                1         0.56367         0.00141         0.43633
  261                1         0.58895         0.00141         0.41105
  262                1         0.59406         0.00141         0.40594
  263                1         0.59158         0.00141         0.40842
  264                1         0.61185         0.00141         0.38815
  265                1         0.62096         0.00141         0.37904
  266                1         0.62271         0.00141         0.37729
  267                1         0.62271         0.00141         0.37729
  268                1         0.62271         0.00141         0.37729
  269                1         0.62271         0.00141         0.37729
  270                1         0.62331         0.00141         0.37669
  271                1         0.62744         0.00141         0.37256
  272                1         0.62204         0.00141         0.37796
  273                1         0.63042         0.00141         0.36958
  274                1         0.63752         0.00141         0.36248
  275                1         0.61486         0.00141         0.38514
  276                1         0.61665         0.00141         0.38335
  277                1         0.60179         0.00141         0.39821
  278                1         0.61512         0.00141         0.38488
  279                1         0.60722         0.00141         0.39278
  280                1         0.59474         0.00141         0.40526
  281                1         0.58920         0.00141         0.41080
  282                1         0.59362         0.00141         0.40638
  283                1         0.59296         0.00141         0.40704
  284                1         0.58661         0.00141         0.41339
  285                1         0.62922        -0.00875         0.37078
  286                1         0.63638        -0.00875         0.36362
  287                1         0.63999        -0.00875         0.36001
  288                1         0.64335        -0.00875         0.35665
  289                1         0.62519        -0.00875         0.37481
  290                1         0.62967        -0.00875         0.37033
  291                1         0.62986        -0.00875         0.37014
  292                1         0.64823        -0.00875         0.35177
  293                1         0.66445        -0.00875         0.33555
  294                1         0.65277        -0.00875         0.34723
  295                1         0.66920        -0.00875         0.33080
  296                1         0.66789        -0.00875         0.33211
  297                1         0.67513        -0.00875         0.32487
  298                1         0.66066        -0.00875         0.33934
  299                1         0.68286        -0.00875         0.31714
  300                1         0.57799        -0.00875         0.42201
  301                1         0.61534        -0.00875         0.38466
  302                1         0.61172        -0.00875         0.38828
  303                1         0.60886        -0.00875         0.39114
  304                1         0.56214        -0.00875         0.43786
  305                1         0.57726        -0.00875         0.42274
  306                1         0.61051        -0.00875         0.38949
  307                1         0.64157        -0.00871         0.35843
  308                1         0.63472        -0.00871         0.36528
  309                1         0.62649        -0.00871         0.37351
  310                1         0.64595        -0.00871         0.35405
  311                1         0.63059        -0.00871         0.36941
  312                1         0.63289        -0.00871         0.36711
  313                1         0.66230        -0.00871         0.33770
  314                1         0.62907        -0.00871         0.37093
  315                1         0.67623        -0.00871         0.32377
  316                1         0.68293        -0.00871         0.31707
  317                1         0.66562        -0.00871         0.33438
  318                1         0.67027        -0.00871         0.32973
  319                1         0.67762        -0.00871         0.32238
  320                1         0.69080        -0.00871         0.30920
  321                1         0.68185        -0.00871         0.31815
  322                1         0.67937        -0.00871         0.32063
  323                1         0.68489        -0.00871         0.31511
  324                1         0.68223        -0.00871         0.31777
  325                1         0.68223        -0.00871         0.31777
  326                1         0.68223        -0.00871         0.31777
  327                1         0.68118        -0.00871         0.31882
  328                1         0.68258        -0.00871         0.31742
  329                1         0.64761        -0.00871         0.35239
  330                1         0.57652        -0.00871         0.42348
  331                1         0.61036        -0.00871         0.38964
  332                1         0.59782        -0.00871         0.40218
  333                1         0.62947        -0.00871         0.37053
  334                1         0.57556        -0.00871         0.42444
  335                1         0.68608        -0.01059         0.31392
  336                1         0.68441        -0.01059         0.31559
  337                1         0.67946        -0.01059         0.32054
  338                1         0.66885        -0.01059         0.33115
  339                1         0.66602        -0.01059         0.33398
  340                1         0.66602        -0.01059         0.33398
  341                1         0.67166        -0.01059         0.32834
  342                1         0.67866        -0.01059         0.32134
  343                1         0.64179        -0.01059         0.35821
  344                1         0.66369        -0.01059         0.33631
  345                1         0.66736        -0.01059         0.33264
  346                1         0.67326        -0.01059         0.32674
  347                1         0.67264        -0.01059         0.32736
  348                1         0.67030        -0.01059         0.32970
  349                1         0.66553        -0.01059         0.33447
  350                1         0.64697        -0.01059         0.35303
  351                1         0.67876        -0.01059         0.32124
  352                1         0.59568        -0.00005         0.40432
  353                1         0.60033        -0.00005         0.39967
  354                1         0.64433        -0.00005         0.35567
  355                1         0.63818        -0.00005         0.36182
  356                1         0.63018        -0.00005         0.36982
  357                1         0.62492        -0.00005         0.37508
  358                1         0.61295        -0.00005         0.38705
  359                1         0.62535        -0.00005         0.37465
  360                1         0.60087        -0.00005         0.39913
  361                1         0.61222        -0.00005         0.38778
  362                1         0.63342        -0.00005         0.36658
  363                1         0.51657        -0.00995         0.48343
  364                1         0.58484        -0.00995         0.41516
  365                1         0.62486        -0.00995         0.37514
  366                1         0.61223        -0.00995         0.38777
  367                1         0.57200        -0.00995         0.42800
  368                1         0.57011        -0.00995         0.42989
  369                1         0.57315        -0.00995         0.42685
  370                1         0.58148        -0.00995         0.41852
  371                1         0.58482        -0.00995         0.41518
  372                1         0.57044        -0.00995         0.42956
  373                1         0.59043        -0.00995         0.40957
  374                1         0.59159        -0.00995         0.40841
  375                1         0.59478         0.00858         0.40522
  376                1         0.59080         0.00858         0.40920
  377                1         0.58798         0.00858         0.41202
  378                1         0.58390         0.00858         0.41610
  379                1         0.58158         0.00858         0.41842
  380                1         0.58315         0.00858         0.41685
  381                1         0.58568         0.00858         0.41432
  382                1         0.58983         0.00858         0.41017
  383                1         0.60727         0.00858         0.39273
  384                1         0.58858         0.00858         0.41142
  385                1         0.58987         0.00858         0.41013
  386                1         0.59093         0.00858         0.40907
  387                1         0.60623         0.00858         0.39377
  388                1         0.59485         0.00858         0.40515
  389                1         0.60401         0.00858         0.39599
  390                1         0.60340         0.00858         0.39660
  391                1         0.60172         0.00858         0.39828
  392                1         0.60288         0.00858         0.39712
  393                1         0.60439         0.00858         0.39561
  394                1         0.60194         0.00858         0.39806
  395                1         0.60727         0.00858         0.39273
  396                1         0.59428         0.00858         0.40572
  397                1         0.59485         0.00858         0.40515
  398                1         0.61183         0.00858         0.38817
  399                1         0.58056        -0.00009         0.41944
  400                1         0.56908        -0.00009         0.43092
  401                1         0.56919        -0.00009         0.43081
  402                1         0.57619        -0.00009         0.42381
  403                1         0.56411        -0.00009         0.43589
  404                1         0.56132        -0.00009         0.43868
  405                1         0.57605        -0.00009         0.42395
  406                1         0.59774        -0.00009         0.40226
  407                1         0.58832        -0.00009         0.41168
  408                1         0.56979        -0.00009         0.43021
  409                1         0.56999        -0.00009         0.43001
  410                1         0.56926        -0.00009         0.43074
  411                1         0.57919        -0.00009         0.42081
  412                1         0.58085        -0.00009         0.41915
  413                1         0.57964        -0.00009         0.42036
  414                1         0.58148        -0.00009         0.41852
  415                1         0.58261        -0.00009         0.41739
  416                1         0.58341        -0.00009         0.41659
  417                1         0.59934        -0.00009         0.40066
  418                1         0.61303         0.00584         0.38697
  419                1         0.61184         0.00584         0.38816
  420                1         0.61290         0.00584         0.38710
  421                1         0.61038         0.00584         0.38962
  422                1         0.61102         0.00584         0.38898
  423                1         0.61030         0.00584         0.38970
  424                1         0.60963         0.00584         0.39037
  425                1         0.60828         0.00584         0.39172
  426                1         0.60293         0.00584         0.39707
  427                1         0.60216         0.00584         0.39784
  428                1         0.60189         0.00584         0.39811
  429                1         0.60150         0.00584         0.39850
  430                1         0.60186         0.00584         0.39814
  431                1         0.60164         0.00584         0.39836
  432                1         0.60091         0.00584         0.39909
  433                1         0.59991         0.00584         0.40009
  434                1         0.61211         0.00584         0.38789
  435                1         0.61357         0.00584         0.38643
  436                1         0.61310         0.00584         0.38690
  437                1         0.61203         0.00584         0.38797
  438                1         0.61191         0.00584         0.38809
  439                1         0.61161         0.00584         0.38839
  440                1         0.61132         0.00584         0.38868
  441                1         0.61140         0.00584         0.38860
  442                1         0.61086         0.00584         0.38914
  443                1         0.61068         0.00584         0.38932
  444                1         0.61002         0.00584         0.38998
  445                1         0.60999         0.00584         0.39001
  446                1         0.60186         0.00584         0.39814
  447                1         0.60996         0.00584         0.39004
  448                1         0.61006         0.00584         0.38994
  449                1         0.60943         0.00584         0.39057
  450                1         0.60743        -0.00406         0.39257
  451                1         0.59254        -0.00406         0.40746
  452                1         0.57162        -0.00406         0.42838
  453                1         0.59945        -0.00406         0.40055
  454                1         0.61148        -0.00406         0.38852
  455                1         0.61383        -0.00406         0.38617
  456                1         0.61636        -0.00406         0.38364
  457                1         0.59975        -0.00406         0.40025
  458                1         0.61267        -0.00406         0.38733
  459                1         0.61917        -0.00406         0.38083
  460                1         0.61982        -0.00406         0.38018
  461                1         0.59593         0.00310         0.40407
  462                1         0.59748         0.00310         0.40252
  463                1         0.60005         0.00310         0.39995
  464                1         0.60144         0.00310         0.39856
  465                1         0.60482         0.00310         0.39518
  466                1         0.61066         0.00310         0.38934
  467                1         0.61030         0.00310         0.38970
  468                1         0.61319         0.00310         0.38681
  469                1         0.61235         0.00310         0.38765
  470                1         0.61298         0.00310         0.38702
  471                1         0.61428         0.00310         0.38572
  472                1         0.61428         0.00310         0.38572
  473                1         0.61428         0.00310         0.38572
  474                1         0.61428         0.00310         0.38572
  475                1         0.61450         0.00310         0.38550
  476                1         0.60918         0.00310         0.39082
  477                1         0.59834         0.00310         0.40166
  478                1         0.59924         0.00310         0.40076
  479                1         0.60117         0.00310         0.39883
  480                1         0.60895         0.00310         0.39105
  481                1         0.61273         0.00310         0.38727
  482                1         0.61361         0.00310         0.38639
  483                1         0.61434         0.00310         0.38566
  484                1         0.61471         0.00310         0.38529
  485                1         0.61494         0.00310         0.38506
  486                1         0.61469         0.00310         0.38531
  487                1         0.61446         0.00310         0.38554
  488                1         0.61446         0.00310         0.38554
  489                1         0.61446         0.00310         0.38554
  490                1         0.61446         0.00310         0.38554
  491                1         0.61561         0.00310         0.38439
  492                1         0.61087        -0.00147         0.38913
  493                1         0.59357        -0.00147         0.40643
  494                1         0.60699        -0.00147         0.39301
  495                1         0.60756        -0.00147         0.39244
  496                1         0.60463        -0.00147         0.39537
  497                1         0.55998         0.00573         0.44002
  498                1         0.56707         0.00573         0.43293
  499                1         0.56123         0.00573         0.43877
  500                1         0.55608         0.00573         0.44392
  501                1         0.55719         0.00573         0.44281
  502                1         0.56413         0.00573         0.43587
  503                1         0.56864         0.00573         0.43136
  504                1         0.57046         0.00573         0.42954
  505                1         0.57565         0.00573         0.42435
  506                1         0.57624         0.00573         0.42376
  507                1         0.57202         0.00573         0.42798
  508                1         0.57780         0.00573         0.42220
  509                1         0.58161         0.00573         0.41839
  510                1         0.58189         0.00573         0.41811
  511                1         0.58339         0.00573         0.41661
  512                1         0.58810         0.00573         0.41190
  513                1         0.58772         0.00573         0.41228
  514                1         0.57810         0.00573         0.42190
  515                1         0.55591         0.00573         0.44409
  516                1         0.56784         0.00573         0.43216
  517                1         0.55950         0.00573         0.44050
  518                1         0.54332         0.00573         0.45668
  519                1         0.57039         0.00573         0.42961
  520                1         0.57930         0.00573         0.42070
  521                1         0.56895         0.00573         0.43105
  522                1         0.56137         0.00573         0.43863
  523                1         0.56215         0.00573         0.43785
  524                1         0.56885         0.00573         0.43115
  525                1         0.57134         0.00573         0.42866
  526                1         0.58244         0.00573         0.41756
  527                1         0.57705         0.00573         0.42295
  528                1         0.58708         0.00573         0.41292
  529                1         0.57791         0.00573         0.42209
  530                1         0.57805         0.00573         0.42195
  531                1         0.58152         0.00573         0.41848
  532                1         0.58988         0.00573         0.41012
  533                1         0.58708         0.00573         0.41292
  534                1         0.59377         0.00573         0.40623
  535                1         0.48205         0.14339         0.51795
  536                1         0.48443         0.13060         0.51557
  537                1         0.50170         0.05187         0.49830
  538                1         0.51530         0.00689         0.48470
  539                1         0.52459         0.00689         0.47541
  540                1         0.53643         0.00689         0.46357
  541                1         0.54606         0.00689         0.45394
  542                1         0.55139         0.00689         0.44861
  543                1         0.55790         0.00689         0.44210
  544                1         0.55882         0.00689         0.44118
  545                1         0.52461         0.00689         0.47539
  546                1         0.50530         0.00689         0.49470
  547                1         0.50818         0.00689         0.49182
  548                1         0.50818         0.00689         0.49182
  549                1         0.50818         0.00689         0.49182
  550                1         0.50818         0.00689         0.49182
  551                1         0.44102         0.30961         0.55898
  552                1         0.44372         0.23851         0.55628
  553                1         0.51753         0.04101         0.48247
  554                1         0.52505         0.00689         0.47495
  555                1         0.53824         0.00689         0.46176
  556                1         0.54171         0.00689         0.45829
  557                1         0.55571         0.00689         0.44429
  558                1         0.56274         0.00689         0.43726
  559                1         0.57154         0.00689         0.42846
  560                1         0.58149         0.00689         0.41851
  561                1         0.52081        -0.00478         0.47919
  562                1         0.52010        -0.00478         0.47990
  563                1         0.53434        -0.00478         0.46566
  564                1         0.54746        -0.00894         0.45254
  565                1         0.53333        -0.00894         0.46667
  566                1         0.52529        -0.00894         0.47471
  567                1         0.50164         0.12301         0.49836
  568                1         0.49298         0.16317         0.50702
  569                1         0.50627         0.12756         0.49373
  570                1         0.50513         0.13244         0.49487
  571                1         0.52767        -0.00894         0.47233
  572                1         0.53747        -0.00894         0.46253
  573                1         0.53094        -0.00894         0.46906
  574                1         0.54420        -0.00894         0.45580
  575                1         0.49708         0.15600         0.50292
  576                1         0.51033         0.13244         0.48967
  577                1         0.50872         0.13244         0.49128
  578                1         0.54884        -0.00894         0.45116
  579                1         0.51827         0.11477         0.48173
  580                1         0.55763        -0.00894         0.44237
  581                1         0.55818        -0.00894         0.44182
  582                1         0.56222        -0.00894         0.43778
  583                1         0.55501        -0.00894         0.44499
  584                1         0.57321        -0.00894         0.42679
  585                1         0.58540        -0.00894         0.41460
  586                1         0.55939        -0.00894         0.44061
  587                1         0.57475        -0.00894         0.42525
  588                1         0.57280        -0.00894         0.42720
  589                1         0.56196        -0.00894         0.43804
  590                1         0.55643        -0.00894         0.44357
  591                1         0.49972         0.10861         0.50028
  592                1         0.52861         0.01435         0.47139
  593                1         0.51696         0.01435         0.48304
  594                1         0.53832         0.01435         0.46168
  595                1         0.53633         0.01435         0.46367
  596                1         0.53732         0.01435         0.46268
  597                1         0.56127        -0.00084         0.43873
  598                1         0.59098        -0.00084         0.40902
  599                1         0.57534        -0.00084         0.42466
  600                1         0.54201        -0.00084         0.45799
  601                1         0.52905        -0.00084         0.47095
  602                1         0.56966        -0.00084         0.43034
  603                1         0.53563        -0.00084         0.46437
  604                1         0.53707        -0.00084         0.46293
  605                1         0.50995        -0.00084         0.49005
  606                1         0.51088        -0.00084         0.48912
  607                1         0.50262        -0.00084         0.49738
  608                1         0.49557        -0.00084         0.50443
  609                1         0.50206        -0.00084         0.49794
  610                1         0.49486         0.08303         0.50514
  611                1         0.49546        -0.00084         0.50454
  612                1         0.55860        -0.00084         0.44140
  613                1         0.56652        -0.00084         0.43348
  614                1         0.56308        -0.00084         0.43692
  615                1         0.56957        -0.00084         0.43043
  616                1         0.58462        -0.00084         0.41538
  617                1         0.58236        -0.00084         0.41764
  618                1         0.49620         0.05460         0.50380
  619                1         0.46616         0.07606         0.53384
  620                1         0.47045         0.01420         0.52955
  621                1         0.47603         0.01420         0.52397
  622                1         0.46642         0.01420         0.53358
  623                1         0.47370         0.01420         0.52630
  624                1         0.45581         0.09337         0.54419
  625                1         0.45500         0.10026         0.54500
  626                1         0.47369         0.01420         0.52631
  627                1         0.46745         0.07606         0.53255
  628                1         0.48411         0.01420         0.51589
  629                1         0.47760         0.01420         0.52240
  630                1         0.48232         0.01420         0.51768
  631                1         0.47812         0.23717         0.52188
  632                1         0.46056         0.23572         0.53944
  633                1         0.46540         0.08838         0.53460
  634                1         0.45393         0.11643         0.54607
  635                1         0.45738         0.10222         0.54262
  636                1         0.45738         0.10222         0.54262
  637                1         0.46471         0.01225         0.53529
  638                1         0.45738         0.10222         0.54262
  639                1         0.45738         0.10222         0.54262
  640                1         0.45884         0.09831         0.54116
  641                1         0.47540         0.01225         0.52460
  642                1         0.47765         0.01225         0.52235
  643                1         0.52178         0.01225         0.47822
  644                1         0.49950         0.20380         0.50050
  645                1         0.50075         0.25113         0.49925
  646                1         0.51483         0.12644         0.48517
  647                1         0.52106         0.09472         0.47894
  648                1         0.52038         0.08556         0.47962
  649                1         0.53781         0.01225         0.46219
  650                1         0.53452         0.01225         0.46548
  651                1         0.44788         0.39289         0.55212
  652                1         0.45950         0.46584         0.54050
  653                1         0.46168         0.21327         0.53832
  654                1         0.50258         0.07129         0.49742
  655                1         0.49976         0.11725         0.50024
  656                1         0.48125         0.16934         0.51875
  657                1         0.48794         0.14503         0.51206
  658                1         0.47449         0.15596         0.52551
  659                1         0.52904         0.01458         0.47096
  660                1         0.50221         0.01458         0.49779
  661                1         0.51692         0.01458         0.48308
  662                1         0.43413         0.53851         0.56587
  663                1         0.48413         0.08055         0.51587
  664                0         0.41355        -0.30560        -0.41355
  665                0         0.41828        -0.34562        -0.41828
  666                0         0.42403        -0.43618        -0.42403
  667                1         0.43257         0.53488         0.56743
  668                1         0.40221         0.82694         0.59779
  669                0         0.43916        -0.44168        -0.43916
  670                0         0.45431        -0.67346        -0.45431
  671                0         0.45934        -0.77764        -0.45934
  672                1         0.46041         0.21195         0.53959
  673                0         0.40601        -0.24300        -0.40601
  674                0         0.40788        -0.25949        -0.40788
  675                0         0.40892        -0.25949        -0.40892
  676                0         0.42863        -0.42856        -0.42863
  677                0         0.42999        -0.42856        -0.42999
  678                0         0.43151        -0.40309        -0.43151
  679                0         0.37644        -0.20672        -0.37644
  680                0         0.38299        -0.22751        -0.38299
  681                0         0.39023        -0.20979        -0.39023
  682                0         0.44027        -0.73054        -0.44027
  683                0         0.43308        -0.62442        -0.43308
  684                0         0.42242        -0.37951        -0.42242
  685                0         0.33538        -0.08826        -0.33538
  686                0         0.33948        -0.08398        -0.33948
  687                0         0.35801        -0.35388        -0.35801
  688                0         0.39693        -0.43062        -0.39693
  689                0         0.19012        -0.09792        -0.19012
  690                0         0.29823        -0.31763        -0.29823
  691                0         0.35873        -0.11355        -0.35873
  692                0         0.33365        -0.08357        -0.33365
  693                0         0.32440        -0.04858        -0.32440
  694                0         0.32737        -0.04308        -0.32737
  695                0         0.32349        -0.04568        -0.32349
  696                0         0.32349        -0.04568        -0.32349
  697                0         0.32349        -0.04568        -0.32349
  698                0         0.31581         0.00640        -0.31581
  699                0         0.32349        -0.04568        -0.32349
  700                0         0.32349        -0.04568        -0.32349
  701                0         0.31396         0.00640        -0.31396
  702                0         0.32349        -0.04568        -0.32349
  703                0         0.31553        -0.04308        -0.31553
  704                0         0.25756        -0.05692        -0.25756
  705                0         0.16444        -0.06132        -0.16444
  706                0         0.17095        -0.07224        -0.17095
  707                0         0.17095        -0.07224        -0.17095
  708                0         0.12721         0.00708        -0.12721
  709                0         0.13983         0.00708        -0.13983
  710                0         0.14730         0.00708        -0.14730
  711                0         0.14996         0.00708        -0.14996
  712                0         0.14517         0.00708        -0.14517
  713                0         0.12256         0.00708        -0.12256
  714                0         0.11987         0.00708        -0.11987
  715                0         0.13550         0.00708        -0.13550
  716                0         0.11045         0.00708        -0.11045
  717                0         0.11653         0.00708        -0.11653
  718                0         0.13622         0.00708        -0.13622
  719                0         0.10005         0.00648        -0.10005
  720                0         0.09385         0.00648        -0.09385
  721                0         0.10187         0.00366        -0.10187
  722                0         0.10329         0.00366        -0.10329
  723                0         0.09912         0.00366        -0.09912
  724                0         0.09385         0.00366        -0.09385
  725                0         0.09241         0.00366        -0.09241
  726                0         0.10736         0.00366        -0.10736
  727                0         0.08967         0.00366        -0.08967
  728                0         0.09183         0.00366        -0.09183
  729                0         0.08870         0.00366        -0.08870
  730                0         0.08798         0.00366        -0.08798
  731                0         0.08491         0.00366        -0.08491
  732                0         0.10061         0.00366        -0.10061
  733                0         0.09138         0.00366        -0.09138
  734                0         0.08998         0.00366        -0.08998
  735                0         0.08662         0.00366        -0.08662
  736                0         0.08711         0.00366        -0.08711
  737                0         0.09063         0.00366        -0.09063
  738                0         0.10990         0.00366        -0.10990
  739                0         0.09053         0.00366        -0.09053
  740                0         0.09205         0.00366        -0.09205
  741                0         0.11070         0.00433        -0.11070
  742                0         0.11631         0.00433        -0.11631
  743                0         0.11211         0.00433        -0.11211
  744                0         0.11211         0.00433        -0.11211
  745                0         0.12316         0.00433        -0.12316
  746                0         0.12810         0.00433        -0.12810
  747                0         0.12810         0.00433        -0.12810
  748                0         0.14727         0.00433        -0.14727
  749                0         0.12202         0.00433        -0.12202
  750                0         0.11830         0.00435        -0.11830
  751                0         0.11735         0.00352        -0.11735
  752                0         0.15832         0.00440        -0.15832
  753                0         0.21522         0.00440        -0.21522
  754                0         0.17704         0.00420        -0.17704
  755                0         0.14592         0.00420        -0.14592
  756                0         0.13352         0.00420        -0.13352
  757                0         0.13642         0.00420        -0.13642
  758                0         0.12415         0.00420        -0.12415
  759                0         0.17531         0.00424        -0.17531
  760                0         0.14528         0.00424        -0.14528
  761                0         0.13840         0.00424        -0.13840
  762                0         0.13840         0.00424        -0.13840
  763                0         0.14473         0.00424        -0.14473
  764                0         0.14486         0.00424        -0.14486
  765                0         0.14720         0.00424        -0.14720
  766                0         0.14720         0.00424        -0.14720
  767                0         0.15172         0.00424        -0.15172
  768                0         0.18382         0.00424        -0.18382
  769                0         0.15263         0.00424        -0.15263
  770                0         0.18701         0.00424        -0.18701
  771                0         0.15669         0.00424        -0.15669
  772                0         0.15322         0.00424        -0.15322
  773                0         0.14687         0.00424        -0.14687
  774                0         0.14031         0.00424        -0.14031
  775                0         0.14243         0.00424        -0.14243
  776                0         0.13311         0.00424        -0.13311
  777                0         0.14249         0.00424        -0.14249
  778                0        -0.01208         0.00723         0.01208
  779                0         0.00822         0.00649        -0.00822
  780                0         0.00502         0.00649        -0.00502
  781                0        -0.00348         0.00649         0.00348
  782                0         0.05597         0.00649        -0.05597
  783                0         0.04299         0.00649        -0.04299
  784                0         0.02767         0.00649        -0.02767
  785                0         0.02574         0.00649        -0.02574
  786                0         0.06190         0.00649        -0.06190
  787                0         0.00418         0.00649        -0.00418
  788                0        -0.01443         0.00649         0.01443
  789                0        -0.01836         0.00649         0.01836
  790                0        -0.01621         0.00649         0.01621
  791                0        -0.01924         0.00649         0.01924
  792                0        -0.02365         0.00649         0.02365
  793                0        -0.02582         0.00649         0.02582
  794                0        -0.02426         0.00649         0.02426
  795                0        -0.02232         0.00649         0.02232
  796                0        -0.02214         0.00649         0.02214
  797                0        -0.01460         0.00649         0.01460
  798                0        -0.01507         0.00649         0.01507
  799                0        -0.02536         0.00649         0.02536
  800                0        -0.02527         0.00649         0.02527
  801                0        -0.02665         0.00649         0.02665
  802                0        -0.02594         0.00649         0.02594
  803                0        -0.01584         0.00649         0.01584
  804                0        -0.02526         0.00649         0.02526
  805                0        -0.02117         0.00649         0.02117
  806                0        -0.00928         0.00649         0.00928
  807                0        -0.02449         0.00649         0.02449
  808                0         0.11066         0.00738        -0.11066
  809                0         0.06552         0.00717        -0.06552
  810                0         0.12845        -0.05668        -0.12845
  811                0        -0.00131         0.00717         0.00131
  812                0         0.02130         0.00664        -0.02130
  813                0        -0.00081         0.00664         0.00081
  814                0        -0.01615         0.00664         0.01615
  815                0         0.00241         0.00664        -0.00241
  816                0        -0.01615         0.00664         0.01615
  817                0        -0.01177         0.00664         0.01177
  818                0        -0.01730         0.00664         0.01730
  819                0        -0.01812         0.00664         0.01812
  820                0        -0.01177         0.00664         0.01177
  821                0        -0.02096         0.00664         0.02096
  822                0         0.12133         0.00738        -0.12133
  823                0         0.16073        -0.07509        -0.16073
  824                0         0.10615         0.00734        -0.10615
  825                0         0.11968         0.00734        -0.11968
  826                0         0.12809         0.00734        -0.12809
  827                0         0.07156         0.00447        -0.07156
  828                0         0.06403         0.00447        -0.06403
  829                0         0.11322         0.00447        -0.11322
  830                0         0.07495         0.00447        -0.07495
  831                0         0.06392         0.00447        -0.06392
  832                0         0.06179         0.00447        -0.06179
  833                0         0.06213         0.00447        -0.06213
  834                0         0.06033         0.00447        -0.06033
  835                0         0.05664         0.00447        -0.05664
  836                0         0.05459         0.00447        -0.05459
  837                0         0.05339         0.00447        -0.05339
  838                0         0.04485         0.00447        -0.04485
  839                0         0.04525         0.00447        -0.04525
  840                0         0.04455         0.00447        -0.04455
  841                0         0.04409         0.00447        -0.04409
  842                0         0.04413         0.00447        -0.04413
  843                0         0.05247         0.00447        -0.05247
  844                0         0.05300         0.00447        -0.05300
  845                0         0.04440         0.00447        -0.04440
  846                0         0.04480         0.00447        -0.04480
  847                0         0.04611         0.00447        -0.04611
  848                0         0.05426         0.00447        -0.05426
  849                0         0.04709         0.00447        -0.04709
  850                0         0.05488         0.00447        -0.05488
  851                0         0.04842         0.00447        -0.04842
  852                0         0.05488         0.00447        -0.05488
  853                0         0.05619         0.00447        -0.05619
  854                0         0.05619         0.00447        -0.05619
  855                0         0.05619         0.00447        -0.05619
  856                0         0.05753         0.00447        -0.05753
  857                0         0.05753         0.00447        -0.05753
  858                1         0.94298         0.00173         0.05702
  859                1         0.94504         0.00173         0.05496
  860                1         0.94250         0.00173         0.05750
  861                1         0.94552         0.00072         0.05448
  862                1         0.94689         0.00173         0.05311
  863                1         0.95944         0.00080         0.04056
  864                1         0.96750         0.00080         0.03250
  865                1         0.97031         0.00080         0.02969
  866                1         0.97788         0.00091         0.02212
  867                1         0.98463        -0.00119         0.01537
  868                1         0.98463        -0.00119         0.01537
  869                1         0.98463        -0.00119         0.01537
  870                1         0.98463        -0.00119         0.01537
  871                1         0.98463        -0.00119         0.01537
  872                1         0.98463        -0.00119         0.01537
  873                1         0.98123        -0.00119         0.01877
  874                1         0.97662        -0.00119         0.02338
  875                1         0.97366        -0.00910         0.02634
  876                1         0.98203        -0.00910         0.01797
  877                1         0.98360        -0.00910         0.01640
  878                1         0.98750        -0.00910         0.01250
  879                1         0.98750        -0.00910         0.01250
  880                1         0.98977        -0.00910         0.01023
  881                1         0.99061        -0.00910         0.00939
  882                1         0.98176        -0.00910         0.01824
  883                1         0.98863        -0.00910         0.01137
  884                1         0.98799        -0.00910         0.01201
  885                1         0.99024        -0.00910         0.00976
  886                1         0.99273        -0.00910         0.00727
  887                1         0.99219        -0.00910         0.00781
  888                1         0.99219        -0.00910         0.00781
  889                1         0.99184        -0.00910         0.00816
  890                1         0.99184        -0.00910         0.00816
  891                1         0.99219        -0.00910         0.00781
  892                1         0.98925        -0.00910         0.01075
  893                1         0.97726        -0.00910         0.02274
  894                1         0.97847        -0.00910         0.02153
  895                1         0.99104        -0.00910         0.00896
  896                1         0.99254        -0.00910         0.00746
  897                1         0.98912        -0.00910         0.01088
  898                1         0.99074        -0.00910         0.00926
  899                1         0.95439        -0.00910         0.04561
  900                1         0.95271        -0.00910         0.04729
  901                1         0.97103        -0.00910         0.02897
  902                1         0.95972        -0.00910         0.04028
  903                1         0.96684        -0.00910         0.03316
  904                1         0.98764        -0.00910         0.01236
  905                1         0.96941        -0.00910         0.03059
  906                1         0.96076        -0.00595         0.03924
  907                1         0.92273         0.00095         0.07727
  908                1         0.92324         0.00050         0.07676
  909                1         0.91662         0.00050         0.08338
  910                1         0.93441         0.00050         0.06559
  911                1         0.93861         0.00634         0.06139
  912                1         0.95854         0.00634         0.04146
  913                1         0.92236         0.00616         0.07764
  914                1         0.41115         0.01773         0.58885
  915                1         0.41111         0.01747         0.58889
  916                1         0.41822         0.01664         0.58178
  917                1         0.44674         0.01664         0.55326
  918                1         0.41579         0.01773         0.58421
  919                1         0.41579         0.01773         0.58421
  920                1         0.41579         0.01773         0.58421
  921                1         0.41579         0.01773         0.58421
  922                1         0.44103         0.01773         0.55897
  923                1         0.90351         0.00634         0.09649
  924                1         0.85517         0.00790         0.14483
  925                1         0.92022        -0.00155         0.07978
  926                1         0.92115        -0.00155         0.07885
  927                1         0.92250        -0.00155         0.07750
  928                1         0.91981        -0.00155         0.08019
  929                1         0.91866        -0.00155         0.08134
  930                1         0.91813        -0.00155         0.08187
  931                1         0.91232        -0.00155         0.08768
  932                1         0.91132        -0.00155         0.08868
  933                1         0.91132        -0.00155         0.08868
  934                1         0.91169        -0.00155         0.08831
  935                1         0.91748        -0.00155         0.08252
  936                1         0.91815        -0.00155         0.08185
  937                1         0.91815        -0.00155         0.08185
  938                1         0.91447        -0.00155         0.08553
  939                1         0.91132        -0.00155         0.08868
  940                1         0.91815        -0.00155         0.08185
  941                1         0.91815        -0.00155         0.08185
  942                1         0.91919        -0.00155         0.08081
  943                1         0.91990        -0.00155         0.08010
  944                1         0.92145        -0.00155         0.07855
  945                1         0.91964        -0.00155         0.08036
  946                1         0.90949        -0.00155         0.09051
  947                1         0.91981        -0.00155         0.08019
  948                1         0.89820        -0.00155         0.10180
  949                1         0.90717        -0.00155         0.09283
  950                1         0.90906        -0.00155         0.09094
  951                1         0.91531        -0.00155         0.08469
  952                1         0.91143        -0.00155         0.08857
  953                1         0.91387        -0.00155         0.08613
  954                1         0.91459        -0.00155         0.08541
  955                1         0.91296        -0.00155         0.08704
  956                1         0.91843        -0.00155         0.08157
  957                1         0.91758        -0.00155         0.08242
  958                1         0.91375        -0.00155         0.08625
  959                1         0.91957        -0.00155         0.08043
  960                1         0.91597        -0.00155         0.08403
  961                1         0.91447        -0.00155         0.08553
  962                1         0.89981        -0.00155         0.10019
  963                1         0.91375        -0.00155         0.08625
  964                1         0.91847        -0.00155         0.08153
  965                1         0.91766        -0.00155         0.08234
  966                1         0.91971        -0.00155         0.08029
  967                1         0.91443        -0.00155         0.08557
  968                1         0.91840        -0.00155         0.08160
  969                1         0.92209        -0.00155         0.07791
  970                1         0.92040        -0.00155         0.07960
  971                1         0.91748        -0.00155         0.08252
  972                1         0.91891        -0.00155         0.08109
  973                1         0.91748        -0.00155         0.08252
  974                1         0.88850        -0.00016         0.11150
  975                1         0.88885        -0.00016         0.11115
  976                1         0.89410        -0.00016         0.10590
  977                1         0.89507        -0.00016         0.10493
  978                1         0.88779        -0.00016         0.11221
  979                1         0.89662        -0.00016         0.10338
  980                1         0.89543        -0.00016         0.10457
  981                1         0.88808        -0.00016         0.11192
  982                1         0.89568        -0.00016         0.10432
  983                1         0.89568        -0.00016         0.10432
  984                1         0.89558        -0.00016         0.10442
  985                1         0.89592        -0.00016         0.10408
  986                1         0.89861        -0.00016         0.10139
  987                1         0.89592        -0.00016         0.10408
  988                1         0.89335        -0.00016         0.10665
  989                1         0.89335        -0.00016         0.10665
  990                1         0.88803        -0.00016         0.11197
  991                1         0.89595        -0.00016         0.10405
  992                1         0.89780        -0.00016         0.10220
  993                1         0.90018        -0.00016         0.09982
  994                1         0.90032        -0.00016         0.09968
  995                1         0.90036        -0.00016         0.09964
  996                1         0.90297        -0.00016         0.09703
  997                1         0.90139        -0.00016         0.09861
  998                1         0.89948        -0.00016         0.10052
  999                1         0.90301        -0.00016         0.09699
 1000                1         0.89054        -0.00016         0.10946
 1001                1         0.88951        -0.00016         0.11049
 1002                1         0.90032        -0.00016         0.09968
 1003                1         0.90036        -0.00016         0.09964
 1004                1         0.91865        -0.00410         0.08135
 1005                1         0.90683        -0.00410         0.09317
 1006                1         0.90386        -0.00410         0.09614
 1007                1         0.90166        -0.00410         0.09834
 1008                1         0.90132        -0.00410         0.09868
 1009                1         0.90163        -0.00410         0.09837
 1010                1         0.90821        -0.00410         0.09179
 1011                1         0.90083        -0.00410         0.09917
 1012                1         0.90402        -0.00410         0.09598
 1013                1         0.91588        -0.00410         0.08412
 1014                1         0.91379        -0.00410         0.08621
 1015                1         0.90386        -0.00410         0.09614
 1016                1         0.90831        -0.00410         0.09169
 1017                1         0.90759        -0.00410         0.09241
 1018                1         0.90850        -0.00410         0.09150
 1019                1         0.90393        -0.00410         0.09607
 1020                1         0.90642        -0.00410         0.09358
 1021                1         0.90050        -0.00410         0.09950
 1022                1         0.89379        -0.00035         0.10621
 1023                1         0.88869        -0.00035         0.11131
 1024                1         0.88156         0.00693         0.11844
 1025                1         0.88156         0.00693         0.11844
 1026                1         0.88156         0.00693         0.11844
 1027                1         0.88156         0.00693         0.11844
 1028                1         0.88145         0.00704         0.11855
 1029                1         0.87721         0.00704         0.12279
 1030                1         0.88145         0.00704         0.11855
 1031                1         0.88061         0.00790         0.11939
 1032                1         0.87516         0.00381         0.12484
 1033                1         0.87636         0.00760         0.12364
 1034                1         0.87808         0.00595         0.12192
 1035                1         0.87654         0.00753         0.12346
 1036                1         0.87797         0.00753         0.12203
 1037                1         0.88787        -0.00009         0.11213
 1038                1         0.88876        -0.00009         0.11124
 1039                1         0.88588        -0.00009         0.11412
 1040                1         0.88533        -0.00009         0.11467
 1041                1         0.88398        -0.00009         0.11602
 1042                1         0.88517        -0.00009         0.11483
 1043                1         0.88508        -0.00009         0.11492
 1044                1         0.88398        -0.00009         0.11602
 1045                1         0.88398        -0.00009         0.11602
 1046                1         0.88398        -0.00009         0.11602
 1047                1         0.88508        -0.00009         0.11492
 1048                1         0.88536        -0.00016         0.11464
 1049                1         0.88794        -0.00016         0.11206
 1050                1         0.89336        -0.00016         0.10664
 1051                1         0.89204        -0.00016         0.10796
 1052                1         0.89424        -0.00016         0.10576
 1053                1         0.89806        -0.00016         0.10194
 1054                1         0.89938        -0.00016         0.10062
 1055                1         0.90007        -0.00016         0.09993
 1056                1         0.90082        -0.00016         0.09918
 1057                1         0.90130        -0.00016         0.09870
 1058                1         0.90130        -0.00016         0.09870
 1059                1         0.90130        -0.00016         0.09870
 1060                1         0.90631        -0.00016         0.09369
 1061                1         0.90130        -0.00016         0.09870
 1062                1         0.90446        -0.00016         0.09554
 1063                1         0.90722        -0.00016         0.09278
 1064                1         0.89444        -0.00016         0.10556
 1065                1         0.89878        -0.00016         0.10122
 1066                1         0.89578        -0.00016         0.10422
 1067                1         0.92024        -0.01089         0.07976
 1068                1         0.94126         0.00166         0.05874
 1069                1         0.94056         0.00166         0.05944
 1070                1         0.94126         0.00166         0.05874
 1071                1         0.94126         0.00166         0.05874
 1072                1         0.94268         0.00166         0.05732
 1073                1         0.94461         0.00173         0.05539
 1074                1         0.94495         0.00173         0.05505
 1075                1         0.95199         0.00088         0.04801
 1076                1         0.95096         0.00056         0.04904
 1077                1         0.94673         0.00056         0.05327
 1078                1         0.95110         0.00056         0.04890
 1079                1         0.95002         0.00056         0.04998
 1080                1         0.95049         0.00056         0.04951
 1081                1         0.95054         0.00056         0.04946
 1082                1         0.95101         0.00056         0.04899
 1083                1         0.95058         0.00056         0.04942
 1084                1         0.95055         0.00056         0.04945
 1085                1         0.95034         0.00056         0.04966
 1086                1         0.95090         0.00056         0.04910
 1087                1         0.95094         0.00056         0.04906
 1088                1         0.95056         0.00056         0.04944
 1089                1         0.95075         0.00056         0.04925
 1090                1         0.95102         0.00056         0.04898
 1091                1         0.95075         0.00056         0.04925
 1092                1         0.95149         0.00056         0.04851
 1093                1         0.95074         0.00056         0.04926
 1094                1         0.95027         0.00056         0.04973
 1095                1         0.95080         0.00056         0.04920
 1096                1         0.94944         0.00056         0.05056
 1097                1         0.95266         0.00056         0.04734
 1098                1         0.94965         0.00056         0.05035
 1099                1         0.89211         0.00062         0.10789
 1100                1         0.82567         0.00060         0.17433
 1101                1         0.82454         0.00060         0.17546
 1102                1         0.82454         0.00060         0.17546
 1103                1         0.83811         0.00060         0.16189
 1104                1         0.80261         0.00060         0.19739
 1105                1         0.82567         0.00060         0.17433
 1106                1         0.81018         0.00082         0.18982
 1107                1         0.81473         0.00082         0.18527
 1108                1         0.83157         0.00082         0.16843
 1109                1         0.82804         0.00082         0.17196
 1110                1         0.80998         0.00082         0.19002
 1111                1         0.87130         0.00082         0.12870
 1112                1         0.80763         0.00082         0.19237
 1113                1         0.78996         0.00082         0.21004
 1114                1         0.85088         0.00082         0.14912
 1115                1         0.75402         0.00082         0.24598
 1116                1         0.87002         0.00094         0.12998
 1117                1         0.87824         0.00091         0.12176
 1118                1         0.95052         0.00091         0.04948
 1119                1         0.50120         0.01768         0.49880
 1120                1         0.48988         0.01768         0.51012
 1121                1         0.45568         0.01768         0.54432
 1122                1         0.54110         0.01768         0.45890
 1123                1         0.40563         0.01738         0.59437
 1124                1         0.41295         0.01738         0.58705
 1125                1         0.42036         0.01738         0.57964
 1126                1         0.43918         0.01738         0.56082
 1127                1         0.38735         0.01723         0.61265
 1128                1         0.38153         0.01723         0.61847
 1129                1         0.39868         0.01723         0.60132
 1130                1         0.38341         0.01723         0.61659
 1131                1         0.37555         0.01723         0.62445
 1132                1         0.37236         0.01773         0.62764
 1133                1         0.37347         0.01773         0.62653
 1134                1         0.37319         0.01773         0.62681
 1135                1         0.37586         0.01773         0.62414
 1136                1         0.36785         0.01773         0.63215
 1137                1         0.36751         0.01773         0.63249
 1138                1         0.37805         0.01773         0.62195
 1139                1         0.37730         0.01773         0.62270
 1140                1         0.38691         0.01773         0.61309
 1141                1         0.38040         0.01771         0.61960
 1142                1         0.39003         0.01771         0.60997
 1143                1         0.40747         0.01771         0.59253
 1144                1         0.38076         0.01771         0.61924
 1145                1         0.40746         0.01769         0.59254
 1146                1         0.78532         0.00790         0.21468
 1147                1         0.72552         0.00789         0.27448
 1148                1         0.58602         0.00789         0.41398
 1149                1         0.56281         0.00789         0.43719
 1150                1         0.63613         0.00762         0.36387
 1151                1         0.55813         0.00762         0.44187
 1152                1         0.58511         0.00762         0.41489
 1153                1         0.59734         0.00762         0.40266
 1154                1         0.59734         0.00762         0.40266
 1155                1         0.57923         0.00762         0.42077
 1156                1         0.58511         0.00762         0.41489
 1157                1         0.53359         0.00774         0.46641
 1158                1         0.55492         0.00774         0.44508
 1159                1         0.54937         0.00774         0.45063
 1160                1         0.54536         0.00774         0.45464
 1161                1         0.50957         0.00774         0.49043
 1162                1         0.51132         0.00774         0.48868
 1163                1         0.48025         0.00774         0.51975
 1164                1         0.51132         0.00774         0.48868
 1165                1         0.45153         0.00774         0.54847
 1166                1         0.83911         0.00629         0.16089
 1167                1         0.89442         0.00629         0.10558
 1168                1         0.86537         0.00629         0.13463
 1169                1         0.81320         0.00788         0.18680
 1170                1         0.82438         0.00788         0.17562
 1171                1         0.80934         0.00784         0.19066
 1172                1         0.79946         0.00784         0.20054
 1173                1         0.81742         0.00624         0.18258
 1174                1         0.81841         0.00624         0.18159
 1175                1         0.83026         0.00624         0.16974
 1176                1         0.82262         0.00624         0.17738
 1177                1         0.82138         0.00624         0.17862
 1178                1         0.82955         0.00624         0.17045
 1179                1         0.83461         0.00624         0.16539
 1180                1         0.82369         0.00624         0.17631
 1181                1         0.81952         0.00624         0.18048
 1182                1         0.81436         0.00624         0.18564
 1183                1         0.82068         0.00624         0.17932
 1184                1         0.81348         0.00624         0.18652
 1185                1         0.81762         0.00634         0.18238
 1186                1         0.80972         0.00634         0.19028
 1187                1         0.80938         0.00634         0.19062
 1188                1         0.81390         0.00788         0.18610
 1189                1         0.80284         0.00788         0.19716
 1190                1         0.80318         0.00788         0.19682
 1191                1         0.80318         0.00788         0.19682
 1192                1         0.80462         0.00788         0.19538
 1193                1         0.81063         0.00788         0.18937
 1194                1         0.83997         0.00764         0.16003
 1195                1         0.83640         0.00764         0.16360
 1196                1         0.82959         0.00764         0.17041
 1197                1         0.82928         0.00764         0.17072
 1198                1         0.82901         0.00764         0.17099
 1199                1         0.85832         0.00764         0.14168
 1200                1         0.82791         0.00764         0.17209
 1201                1         0.82144         0.00764         0.17856
 1202                1         0.82144         0.00764         0.17856
 1203                1         0.81794         0.00764         0.18206
 1204                1         0.81138         0.00764         0.18862
 1205                1         0.81259         0.00764         0.18741
 1206                1         0.80828         0.00764         0.19172
 1207                1         0.82508         0.00764         0.17492
 1208                1         0.87973         0.00779         0.12027
 1209                1         0.86440         0.00779         0.13560
 1210                1         0.85961         0.00779         0.14039
 1211                1         0.83627         0.00779         0.16373
 1212                1         0.84150         0.00779         0.15850
 1213                1         0.81750         0.00634         0.18250
 1214                1         0.80651         0.00780         0.19349
 1215                1         0.80565         0.00780         0.19435
 1216                1         0.81339         0.00780         0.18661
 1217                1         0.80346         0.00780         0.19654
============================== END OF REPORT ================================

