>>01/28/21 22:41:20
REGRESSION
----------
SUMMARY OF OUTPUT: SPATIAL LAG MODEL - MAXIMUM LIKELIHOOD ESTIMATION
Data set            : OCUP_BR104_DATASET_02
Spatial Weight      : OCUP_BR104_DATASET_02
Dependent Variable  :   Ocup_2010  Number of Observations: 1237
Mean dependent var  :    0.653193  Number of Variables   :    6
S.D. dependent var  :    0.475954  Degrees of Freedom    : 1231
Lag coeff.   (Rho)  :     0.98269

R-squared           :    0.989024  Log likelihood        :     1746.37
Sq. Correlation     : -            Akaike info criterion :    -3480.74
Sigma-square        :  0.00248639  Schwarz criterion     :    -3450.02
S.E of regression   :   0.0498637

-----------------------------------------------------------------------------
       Variable       Coefficient     Std.Error       z-value    Probability
-----------------------------------------------------------------------------
       W_Ocup_2010       0.98269      0.0038127        257.741     0.00000
          CONSTANT    0.00778985       0.013701       0.568562     0.56965
        IVS_INF_10    -0.0230892      0.0431342      -0.535288     0.59245
        IVS_REN_10       0.11425      0.0386102        2.95906     0.00309
        IVS_CPH_10    -0.0932998      0.0377601       -2.47085     0.01348
          Dens_hab      0.988039       0.285412         3.4618     0.00054
-----------------------------------------------------------------------------

REGRESSION DIAGNOSTICS
DIAGNOSTICS FOR HETEROSKEDASTICITY 
RANDOM COEFFICIENTS
TEST                                     DF      VALUE        PROB
Breusch-Pagan test                       4      1013.4322     0.00000

DIAGNOSTICS FOR SPATIAL DEPENDENCE
SPATIAL LAG DEPENDENCE FOR WEIGHT MATRIX : OCUP_BR104_DATASET_02
TEST                                     DF      VALUE        PROB
Likelihood Ratio Test                    1      4166.2685     0.00000

COEFFICIENTS VARIANCE MATRIX
   CONSTANT  IVS_INF_10  IVS_REN_10  IVS_CPH_10    Dens_hab 
   0.000188    0.000051    0.000054   -0.000406   -0.000251 
   0.000051    0.001861   -0.001143    0.000232    0.002075 
   0.000054   -0.001143    0.001491   -0.000920    0.002462 
  -0.000406    0.000232   -0.000920    0.001426   -0.002660 
  -0.000251    0.002075    0.002462   -0.002660    0.081460 
  -0.000008    0.000035   -0.000083    0.000060   -0.000351 

 W_Ocup_2010 
  -0.000008 
   0.000035 
  -0.000083 
   0.000060 
  -0.000351 
   0.000015 


  OBS       Ocup_2010        PREDICTED        RESIDUAL       PRED ERROR
    1                0         0.15628        -0.00605        -0.15628
    2                0         0.15587        -0.00605        -0.15587
    3                0         0.15347        -0.00605        -0.15347
    4                0         0.14409        -0.00605        -0.14409
    5                0         0.15532        -0.00605        -0.15532
    6                0         0.15326        -0.00605        -0.15326
    7                0         0.15554        -0.00605        -0.15554
    8                0         0.14424        -0.00445        -0.14424
    9                0         0.14933        -0.00445        -0.14933
   10                0         0.14478        -0.00210        -0.14478
   11                0         0.13677        -0.00210        -0.13677
   12                0         0.13817        -0.00210        -0.13817
   13                0         0.13672        -0.00223        -0.13672
   14                0         0.13639        -0.00223        -0.13639
   15                0         0.13610        -0.00223        -0.13610
   16                0         0.13313        -0.00210        -0.13313
   17                0         0.12991        -0.00238        -0.12991
   18                0         0.13055        -0.00238        -0.13055
   19                0         0.12827        -0.00213        -0.12827
   20                0         0.06617         0.00701        -0.06617
   21                0         0.04384         0.00701        -0.04384
   22                0         0.03897         0.00701        -0.03897
   23                0         0.03638         0.00701        -0.03638
   24                0         0.04078         0.00701        -0.04078
   25                0         0.05301         0.00701        -0.05301
   26                0         0.07914        -0.00233        -0.07914
   27                0         0.08716        -0.00233        -0.08716
   28                0         0.07600        -0.00233        -0.07600
   29                0         0.06421         0.00701        -0.06421
   30                0         0.08038         0.00661        -0.08038
   31                0         0.07869         0.00661        -0.07869
   32                0         0.07102         0.00661        -0.07102
   33                0         0.07431         0.00661        -0.07431
   34                0         0.06015         0.00479        -0.06015
   35                0         0.04843         0.00479        -0.04843
   36                0         0.04401         0.00479        -0.04401
   37                0         0.04290         0.00479        -0.04290
   38                0         0.06246         0.00558        -0.06246
   39                0         0.06459         0.00558        -0.06459
   40                0         0.11920         0.00420        -0.11920
   41                0         0.11544         0.00420        -0.11544
   42                0         0.15900         0.00420        -0.15900
   43                0         0.15477         0.00420        -0.15477
   44                0         0.14709         0.00420        -0.14709
   45                0         0.14611         0.00420        -0.14611
   46                0         0.13581         0.00420        -0.13581
   47                0         0.08957         0.00420        -0.08957
   48                0         0.10713         0.00420        -0.10713
   49                0         0.13644         0.00420        -0.13644
   50                0         0.12486         0.00420        -0.12486
   51                0         0.19298        -0.00867        -0.19298
   52                0         0.20531        -0.00867        -0.20531
   53                0         0.20783        -0.00867        -0.20783
   54                0         0.20958        -0.00867        -0.20958
   55                0         0.19132        -0.00867        -0.19132
   56                0         0.21048        -0.00867        -0.21048
   57                0         0.21060        -0.00867        -0.21060
   58                0         0.21400        -0.00867        -0.21400
   59                0         0.23749        -0.00867        -0.23749
   60                0         0.24711        -0.00867        -0.24711
   61                0         0.24509        -0.00867        -0.24509
   62                0         0.25027        -0.00867        -0.25027
   63                0         0.24734        -0.00867        -0.24734
   64                0         0.25467        -0.00867        -0.25467
   65                0         0.24319        -0.00867        -0.24319
   66                0         0.21968        -0.00867        -0.21968
   67                0         0.26188        -0.00665        -0.26188
   68                0         0.18063        -0.00665        -0.18063
   69                0         0.17640        -0.00665        -0.17640
   70                0         0.18514        -0.00665        -0.18514
   71                0         0.18119        -0.00665        -0.18119
   72                0         0.17759        -0.00665        -0.17759
   73                0         0.18939        -0.00665        -0.18939
   74                0         0.19700        -0.00665        -0.19700
   75                0         0.21025        -0.00665        -0.21025
   76                0         0.22315        -0.00665        -0.22315
   77                0         0.23324        -0.00665        -0.23324
   78                0         0.24082        -0.00665        -0.24082
   79                0         0.24361        -0.00665        -0.24361
   80                0         0.24279        -0.00665        -0.24279
   81                0         0.24185        -0.00665        -0.24185
   82                0         0.23979        -0.00665        -0.23979
   83                0         0.22641        -0.00665        -0.22641
   84                0         0.20473        -0.00665        -0.20473
   85                0         0.23062        -0.00665        -0.23062
   86                0         0.24197        -0.00665        -0.24197
   87                0         0.24673        -0.00665        -0.24673
   88                0         0.25133        -0.00665        -0.25133
   89                0         0.25594        -0.00665        -0.25594
   90                0         0.26429        -0.00665        -0.26429
   91                0         0.26539        -0.00665        -0.26539
   92                0         0.26693        -0.00665        -0.26693
   93                0         0.26426        -0.00665        -0.26426
   94                0         0.26570        -0.00665        -0.26570
   95                0         0.26412        -0.00665        -0.26412
   96                0         0.25526        -0.00665        -0.25526
   97                0         0.22498        -0.00665        -0.22498
   98                0         0.25674        -0.00665        -0.25674
   99                0         0.26413        -0.00665        -0.26413
  100                0         0.26554        -0.00665        -0.26554
  101                0         0.26309        -0.00665        -0.26309
  102                0         0.25396        -0.00665        -0.25396
  103                0         0.26008        -0.00665        -0.26008
  104                0         0.24717        -0.00665        -0.24717
  105                0         0.22965        -0.00665        -0.22965
  106                0         0.22946        -0.00665        -0.22946
  107                0         0.26344        -0.00665        -0.26344
  108                0         0.25954        -0.00665        -0.25954
  109                0         0.25215        -0.00665        -0.25215
  110                0         0.24792        -0.00665        -0.24792
  111                0         0.24186        -0.00665        -0.24186
  112                0         0.24137        -0.00665        -0.24137
  113                0         0.21947        -0.00665        -0.21947
  114                0         0.23745        -0.00665        -0.23745
  115                0         0.23293        -0.00665        -0.23293
  116                0         0.22038        -0.00665        -0.22038
  117                0         0.21130        -0.00665        -0.21130
  118                0         0.20261        -0.00665        -0.20261
  119                0         0.19365        -0.00665        -0.19365
  120                0         0.18488        -0.00665        -0.18488
  121                0         0.25256        -0.00665        -0.25256
  122                0         0.26124        -0.00665        -0.26124
  123                0         0.25206        -0.00665        -0.25206
  124                0         0.26160        -0.00665        -0.26160
  125                0         0.26492        -0.00665        -0.26492
  126                0         0.23716        -0.00665        -0.23716
  127                0         0.23831        -0.00665        -0.23831
  128                0         0.18038        -0.00665        -0.18038
  129                0         0.23866        -0.00665        -0.23866
  130                0         0.23714        -0.00665        -0.23714
  131                0         0.03774         0.00553        -0.03774
  132                0         0.03373         0.00553        -0.03373
  133                0         0.03008         0.00553        -0.03008
  134                0         0.03101         0.00553        -0.03101
  135                0         0.04361         0.00553        -0.04361
  136                0         0.04132         0.00553        -0.04132
  137                0         0.06045         0.00553        -0.06045
  138                0         0.06452         0.00553        -0.06452
  139                0         0.06555         0.00553        -0.06555
  140                0         0.06567         0.00553        -0.06567
  141                0         0.06512         0.00553        -0.06512
  142                0         0.02996         0.00553        -0.02996
  143                0         0.06275         0.00383        -0.06275
  144                0         0.05883         0.00383        -0.05883
  145                0         0.05897         0.00383        -0.05897
  146                0         0.06445         0.00383        -0.06445
  147                0         0.06656         0.00383        -0.06656
  148                0         0.06290         0.00383        -0.06290
  149                0         0.05886         0.00383        -0.05886
  150                0         0.05890         0.00383        -0.05890
  151                0         0.06399         0.00383        -0.06399
  152                0         0.06411         0.00383        -0.06411
  153                0         0.05912         0.00383        -0.05912
  154                0         0.05910         0.00383        -0.05910
  155                0         0.06342         0.00383        -0.06342
  156                0         0.06914         0.00383        -0.06914
  157                0         0.07447         0.00383        -0.07447
  158                0         0.09463         0.00092        -0.09463
  159                0         0.09731         0.00092        -0.09731
  160                0         0.06958         0.00092        -0.06958
  161                0         0.09041         0.00092        -0.09041
  162                0         0.17509        -0.00157        -0.17509
  163                0         0.18621        -0.00157        -0.18621
  164                0         0.17844        -0.00157        -0.17844
  165                0         0.17625        -0.00157        -0.17625
  166                0         0.17128        -0.00157        -0.17128
  167                0         0.16781        -0.00157        -0.16781
  168                0         0.16544        -0.00157        -0.16544
  169                0         0.16346        -0.00157        -0.16346
  170                0         0.15615        -0.00157        -0.15615
  171                0         0.14078        -0.00157        -0.14078
  172                0         0.13387        -0.00157        -0.13387
  173                0         0.12582        -0.00157        -0.12582
  174                0         0.11156        -0.00157        -0.11156
  175                0         0.11970        -0.00157        -0.11970
  176                0         0.11025        -0.00157        -0.11025
  177                0         0.11829        -0.00157        -0.11829
  178                0         0.12039        -0.00157        -0.12039
  179                0         0.12092        -0.00157        -0.12092
  180                0         0.12098        -0.00157        -0.12098
  181                0         0.12066        -0.00157        -0.12066
  182                0         0.11933        -0.00157        -0.11933
  183                0         0.11931        -0.00157        -0.11931
  184                0         0.11474        -0.00157        -0.11474
  185                0         0.11066        -0.00157        -0.11066
  186                0         0.11138        -0.00157        -0.11138
  187                0         0.12070        -0.00157        -0.12070
  188                0         0.12431        -0.00157        -0.12431
  189                0         0.12833        -0.00157        -0.12833
  190                0         0.13137        -0.00157        -0.13137
  191                0         0.13237        -0.00157        -0.13237
  192                0         0.13340        -0.00157        -0.13340
  193                0         0.13656        -0.00157        -0.13656
  194                0         0.14841        -0.00157        -0.14841
  195                0         0.16023        -0.00157        -0.16023
  196                0         0.17060        -0.00157        -0.17060
  197                0         0.16676        -0.00157        -0.16676
  198                0         0.17319        -0.00157        -0.17319
  199                0         0.12477        -0.00157        -0.12477
  200                0         0.13380        -0.00157        -0.13380
  201                0         0.20728        -0.00620        -0.20728
  202                0         0.20172        -0.00620        -0.20172
  203                0         0.19930        -0.00620        -0.19930
  204                0         0.21418        -0.00620        -0.21418
  205                0         0.14518        -0.00273        -0.14518
  206                0         0.16103        -0.00273        -0.16103
  207                0         0.13532        -0.00273        -0.13532
  208                0         0.14361        -0.00273        -0.14361
  209                0         0.15133        -0.00273        -0.15133
  210                0         0.15073        -0.00273        -0.15073
  211                0         0.15163        -0.00273        -0.15163
  212                0         0.14488        -0.00273        -0.14488
  213                0         0.14806        -0.00273        -0.14806
  214                0         0.16747        -0.00273        -0.16747
  215                0         0.16921        -0.00273        -0.16921
  216                0         0.16151        -0.00273        -0.16151
  217                0         0.15399        -0.00273        -0.15399
  218                0         0.15775        -0.00273        -0.15775
  219                0         0.15447        -0.00273        -0.15447
  220                0         0.16858        -0.00394        -0.16858
  221                0         0.09425        -0.00394        -0.09425
  222                0         0.13220        -0.00394        -0.13220
  223                0         0.14004        -0.00394        -0.14004
  224                0         0.16215        -0.00394        -0.16215
  225                0         0.17420        -0.00549        -0.17420
  226                0         0.17668        -0.00549        -0.17668
  227                0         0.16557        -0.00549        -0.16557
  228                0         0.18231        -0.00549        -0.18231
  229                0         0.17476        -0.00549        -0.17476
  230                1         0.46980         0.01433         0.53020
  231                1         0.47372         0.01433         0.52628
  232                1         0.47304         0.01433         0.52696
  233                1         0.49734         0.01433         0.50266
  234                1         0.47413         0.01433         0.52587
  235                1         0.45400         0.01433         0.54600
  236                1         0.46399         0.01473         0.53601
  237                1         0.52282         0.01465         0.47718
  238                1         0.49141         0.01465         0.50859
  239                1         0.49111         0.01465         0.50889
  240                1         0.47637         0.01465         0.52363
  241                1         0.46425         0.01465         0.53575
  242                1         0.46435         0.01465         0.53565
  243                1         0.45630         0.01465         0.54370
  244                1         0.46110         0.01465         0.53890
  245                1         0.45684         0.01465         0.54316
  246                1         0.46532         0.01465         0.53468
  247                1         0.62308         0.01421         0.37692
  248                1         0.54187         0.01056         0.45813
  249                1         0.52586         0.01056         0.47414
  250                1         0.55181         0.01239         0.44819
  251                1         0.52016         0.01239         0.47984
  252                1         0.52042         0.01239         0.47958
  253                1         0.52716         0.01239         0.47284
  254                1         0.55435         0.01239         0.44565
  255                1         0.63927         0.01036         0.36073
  256                1         0.57812         0.01036         0.42188
  257                1         0.60603         0.01036         0.39397
  258                1         0.61380         0.01036         0.38620
  259                1         0.60735         0.01036         0.39265
  260                1         0.61982         0.01036         0.38018
  261                1         0.62441         0.01036         0.37559
  262                1         0.64693         0.00822         0.35307
  263                1         0.67205         0.00822         0.32795
  264                1         0.68016         0.00822         0.31984
  265                1         0.73472        -0.00071         0.26528
  266                1         0.71112        -0.00071         0.28888
  267                1         0.73612        -0.00071         0.26388
  268                1         0.69572        -0.00071         0.30428
  269                1         0.78337         0.00400         0.21663
  270                1         0.77980         0.00400         0.22020
  271                1         0.77086         0.00400         0.22914
  272                1         0.76947         0.00400         0.23053
  273                1         0.75815         0.00400         0.24185
  274                1         0.74949         0.00400         0.25051
  275                1         0.74659         0.00400         0.25341
  276                1         0.74475         0.00400         0.25525
  277                1         0.74358         0.00400         0.25642
  278                1         0.74045         0.00400         0.25955
  279                1         0.71311         0.00400         0.28689
  280                1         0.73503         0.00400         0.26497
  281                1         0.74336         0.00400         0.25664
  282                1         0.74052         0.00400         0.25948
  283                1         0.75971         0.00400         0.24029
  284                1         0.76617         0.00400         0.23383
  285                1         0.76997         0.00400         0.23003
  286                1         0.77099         0.00400         0.22901
  287                1         0.77136         0.00400         0.22864
  288                1         0.77180         0.00400         0.22820
  289                1         0.77325         0.00400         0.22675
  290                1         0.77871         0.00400         0.22129
  291                1         0.77334         0.00400         0.22666
  292                1         0.78418         0.00400         0.21582
  293                1         0.80130         0.00400         0.19870
  294                1         0.77405         0.00400         0.22595
  295                1         0.77166         0.00400         0.22834
  296                1         0.76216         0.00400         0.23784
  297                1         0.76357         0.00400         0.23643
  298                1         0.75679         0.00400         0.24321
  299                1         0.74951         0.00400         0.25049
  300                1         0.74390         0.00400         0.25610
  301                1         0.74422         0.00400         0.25578
  302                1         0.74291         0.00400         0.25709
  303                1         0.74012         0.00400         0.25988
  304                1         0.81057        -0.00268         0.18943
  305                1         0.81865        -0.00268         0.18135
  306                1         0.82265        -0.00268         0.17735
  307                1         0.82199        -0.00268         0.17801
  308                1         0.81054        -0.00268         0.18946
  309                1         0.79834        -0.00268         0.20166
  310                1         0.78925        -0.00268         0.21075
  311                1         0.82897        -0.00268         0.17103
  312                1         0.84790        -0.00268         0.15210
  313                1         0.83793        -0.00268         0.16207
  314                1         0.85326        -0.00268         0.14674
  315                1         0.84981        -0.00268         0.15019
  316                1         0.85866        -0.00268         0.14134
  317                1         0.84544        -0.00268         0.15456
  318                1         0.86246        -0.00268         0.13754
  319                1         0.77228        -0.00268         0.22772
  320                1         0.80398        -0.00268         0.19602
  321                1         0.81041        -0.00268         0.18959
  322                1         0.80809        -0.00268         0.19191
  323                1         0.76501        -0.00268         0.23499
  324                1         0.75729        -0.00268         0.24271
  325                1         0.77375        -0.00268         0.22625
  326                1         0.82165        -0.00265         0.17835
  327                1         0.77878        -0.00265         0.22122
  328                1         0.75257        -0.00265         0.24743
  329                1         0.83909        -0.00265         0.16091
  330                1         0.79439        -0.00265         0.20561
  331                1         0.81341        -0.00265         0.18659
  332                1         0.83907        -0.00265         0.16093
  333                1         0.81310        -0.00265         0.18690
  334                1         0.85627        -0.00265         0.14373
  335                1         0.86112        -0.00265         0.13888
  336                1         0.83947        -0.00265         0.16053
  337                1         0.81934        -0.00265         0.18066
  338                1         0.85398        -0.00265         0.14602
  339                1         0.86351        -0.00265         0.13649
  340                1         0.86013        -0.00265         0.13987
  341                1         0.85012        -0.00265         0.14988
  342                1         0.86058        -0.00265         0.13942
  343                1         0.86205        -0.00265         0.13795
  344                1         0.86231        -0.00265         0.13769
  345                1         0.86187        -0.00265         0.13813
  346                1         0.85984        -0.00265         0.14016
  347                1         0.86191        -0.00265         0.13809
  348                1         0.84479        -0.00265         0.15521
  349                1         0.77201        -0.00265         0.22799
  350                1         0.73360        -0.00265         0.26640
  351                1         0.75257        -0.00265         0.24743
  352                1         0.73592        -0.00265         0.26408
  353                1         0.75109        -0.00265         0.24891
  354                1         0.86571        -0.00389         0.13429
  355                1         0.86251        -0.00389         0.13749
  356                1         0.85997        -0.00389         0.14003
  357                1         0.85120        -0.00389         0.14880
  358                1         0.85569        -0.00389         0.14431
  359                1         0.85425        -0.00389         0.14575
  360                1         0.85468        -0.00389         0.14532
  361                1         0.85787        -0.00389         0.14213
  362                1         0.81804        -0.00389         0.18196
  363                1         0.84109        -0.00389         0.15891
  364                1         0.84514        -0.00389         0.15486
  365                1         0.85122        -0.00389         0.14878
  366                1         0.84737        -0.00389         0.15263
  367                1         0.84756        -0.00389         0.15244
  368                1         0.84207        -0.00389         0.15793
  369                1         0.80973        -0.00389         0.19027
  370                1         0.85455        -0.00389         0.14545
  371                1         0.72316         0.00304         0.27684
  372                1         0.72758         0.00304         0.27242
  373                1         0.82302         0.00304         0.17698
  374                1         0.79565         0.00304         0.20435
  375                1         0.78345         0.00304         0.21655
  376                1         0.77573         0.00304         0.22427
  377                1         0.76623         0.00304         0.23377
  378                1         0.78201         0.00304         0.21799
  379                1         0.75682         0.00304         0.24318
  380                1         0.73548         0.00304         0.26452
  381                1         0.77752         0.00304         0.22248
  382                1         0.67124        -0.00347         0.32876
  383                1         0.74635        -0.00347         0.25365
  384                1         0.76515        -0.00347         0.23485
  385                1         0.74671        -0.00347         0.25329
  386                1         0.73234        -0.00347         0.26766
  387                1         0.69103        -0.00347         0.30897
  388                1         0.68929        -0.00347         0.31071
  389                1         0.71032        -0.00347         0.28968
  390                1         0.71338        -0.00347         0.28662
  391                1         0.68614        -0.00347         0.31386
  392                1         0.71795        -0.00347         0.28205
  393                1         0.71633        -0.00347         0.28367
  394                1         0.69581         0.00871         0.30419
  395                1         0.69224         0.00871         0.30776
  396                1         0.68932         0.00871         0.31068
  397                1         0.68650         0.00871         0.31350
  398                1         0.68210         0.00871         0.31790
  399                1         0.68337         0.00871         0.31663
  400                1         0.68336         0.00871         0.31664
  401                1         0.68659         0.00871         0.31341
  402                1         0.68468         0.00871         0.31532
  403                1         0.68475         0.00871         0.31525
  404                1         0.69559         0.00871         0.30441
  405                1         0.70953         0.00871         0.29047
  406                1         0.70295         0.00871         0.29705
  407                1         0.69389         0.00871         0.30611
  408                1         0.69845         0.00871         0.30155
  409                1         0.69769         0.00871         0.30231
  410                1         0.69597         0.00871         0.30403
  411                1         0.69518         0.00871         0.30482
  412                1         0.69601         0.00871         0.30399
  413                1         0.69977         0.00871         0.30023
  414                1         0.71489         0.00871         0.28511
  415                1         0.69272         0.00871         0.30728
  416                1         0.70036         0.00871         0.29964
  417                1         0.73177         0.00871         0.26823
  418                1         0.70226         0.00302         0.29774
  419                1         0.68836         0.00302         0.31164
  420                1         0.67982         0.00302         0.32018
  421                1         0.67522         0.00302         0.32478
  422                1         0.66743         0.00302         0.33257
  423                1         0.64231         0.00302         0.35769
  424                1         0.67641         0.00302         0.32359
  425                1         0.68538         0.00302         0.31462
  426                1         0.68397         0.00302         0.31603
  427                1         0.67749         0.00302         0.32251
  428                1         0.67664         0.00302         0.32336
  429                1         0.67549         0.00302         0.32451
  430                1         0.68343         0.00302         0.31657
  431                1         0.68639         0.00302         0.31361
  432                1         0.68795         0.00302         0.31205
  433                1         0.68948         0.00302         0.31052
  434                1         0.69190         0.00302         0.30810
  435                1         0.69699         0.00302         0.30301
  436                1         0.70345         0.00302         0.29655
  437                1         0.72024         0.00691         0.27976
  438                1         0.71991         0.00691         0.28009
  439                1         0.71941         0.00691         0.28059
  440                1         0.72123         0.00691         0.27877
  441                1         0.71928         0.00691         0.28072
  442                1         0.71822         0.00691         0.28178
  443                1         0.71894         0.00691         0.28106
  444                1         0.71870         0.00691         0.28130
  445                1         0.71627         0.00691         0.28373
  446                1         0.71387         0.00691         0.28613
  447                1         0.71234         0.00691         0.28766
  448                1         0.71068         0.00691         0.28932
  449                1         0.71031         0.00691         0.28969
  450                1         0.71072         0.00691         0.28928
  451                1         0.70942         0.00691         0.29058
  452                1         0.70407         0.00691         0.29593
  453                1         0.72113         0.00691         0.27887
  454                1         0.71768         0.00691         0.28232
  455                1         0.71770         0.00691         0.28230
  456                1         0.72066         0.00691         0.27934
  457                1         0.72125         0.00691         0.27875
  458                1         0.71979         0.00691         0.28021
  459                1         0.71708         0.00691         0.28292
  460                1         0.71959         0.00691         0.28041
  461                1         0.71970         0.00691         0.28030
  462                1         0.71848         0.00691         0.28152
  463                1         0.71702         0.00691         0.28298
  464                1         0.71475         0.00691         0.28525
  465                1         0.71052         0.00691         0.28948
  466                1         0.71409         0.00691         0.28591
  467                1         0.71430         0.00691         0.28570
  468                1         0.71138         0.00691         0.28862
  469                1         0.71234         0.00040         0.28766
  470                1         0.70630         0.00040         0.29370
  471                1         0.67972         0.00040         0.32028
  472                1         0.71519         0.00040         0.28481
  473                1         0.72395         0.00040         0.27605
  474                1         0.72621         0.00040         0.27379
  475                1         0.72634         0.00040         0.27366
  476                1         0.72109         0.00040         0.27891
  477                1         0.72855         0.00040         0.27145
  478                1         0.72801         0.00040         0.27199
  479                1         0.72904         0.00040         0.27096
  480                1         0.71842         0.00511         0.28158
  481                1         0.72051         0.00511         0.27949
  482                1         0.72247         0.00511         0.27753
  483                1         0.72354         0.00511         0.27646
  484                1         0.72380         0.00511         0.27620
  485                1         0.72430         0.00511         0.27570
  486                1         0.72393         0.00511         0.27607
  487                1         0.72370         0.00511         0.27630
  488                1         0.72418         0.00511         0.27582
  489                1         0.72493         0.00511         0.27507
  490                1         0.72439         0.00511         0.27561
  491                1         0.72439         0.00511         0.27561
  492                1         0.72396         0.00511         0.27604
  493                1         0.72430         0.00511         0.27570
  494                1         0.72019         0.00511         0.27981
  495                1         0.72044         0.00511         0.27956
  496                1         0.72375         0.00511         0.27625
  497                1         0.72730         0.00511         0.27270
  498                1         0.72692         0.00511         0.27308
  499                1         0.72602         0.00511         0.27398
  500                1         0.72427         0.00511         0.27573
  501                1         0.72388         0.00511         0.27612
  502                1         0.72390         0.00511         0.27610
  503                1         0.72413         0.00511         0.27587
  504                1         0.72477         0.00511         0.27523
  505                1         0.72477         0.00511         0.27523
  506                1         0.72357         0.00511         0.27643
  507                1         0.72738         0.00211         0.27262
  508                1         0.71616         0.00211         0.28384
  509                1         0.72634         0.00211         0.27366
  510                1         0.72620         0.00211         0.27380
  511                1         0.72520         0.00211         0.27480
  512                1         0.70699         0.00684         0.29301
  513                1         0.69859         0.00684         0.30141
  514                1         0.69470         0.00684         0.30530
  515                1         0.69696         0.00684         0.30304
  516                1         0.69636         0.00684         0.30364
  517                1         0.69465         0.00684         0.30535
  518                1         0.69666         0.00684         0.30334
  519                1         0.69775         0.00684         0.30225
  520                1         0.69795         0.00684         0.30205
  521                1         0.69870         0.00684         0.30130
  522                1         0.70188         0.00684         0.29812
  523                1         0.70230         0.00684         0.29770
  524                1         0.70437         0.00684         0.29563
  525                1         0.70630         0.00684         0.29370
  526                1         0.70863         0.00684         0.29137
  527                1         0.71333         0.00684         0.28667
  528                1         0.71885         0.00684         0.28115
  529                1         0.71207         0.00684         0.28793
  530                1         0.71310         0.00684         0.28690
  531                1         0.69987         0.00684         0.30013
  532                1         0.69989         0.00684         0.30011
  533                1         0.70560         0.00684         0.29440
  534                1         0.71197         0.00684         0.28803
  535                1         0.70678         0.00684         0.29322
  536                1         0.69576         0.00684         0.30424
  537                1         0.69380         0.00684         0.30620
  538                1         0.69405         0.00684         0.30595
  539                1         0.69621         0.00684         0.30379
  540                1         0.69786         0.00684         0.30214
  541                1         0.70317         0.00684         0.29683
  542                1         0.69878         0.00684         0.30122
  543                1         0.70285         0.00684         0.29715
  544                1         0.69918         0.00684         0.30082
  545                1         0.69993         0.00684         0.30007
  546                1         0.70180         0.00684         0.29820
  547                1         0.70811         0.00684         0.29189
  548                1         0.70728         0.00684         0.29272
  549                1         0.71328         0.00684         0.28672
  550                1         0.66670         0.00760         0.33330
  551                1         0.64859         0.00760         0.35141
  552                1         0.65581         0.00760         0.34419
  553                1         0.67250         0.00760         0.32750
  554                1         0.68095         0.00760         0.31905
  555                1         0.69172         0.00760         0.30828
  556                1         0.70154         0.00760         0.29846
  557                1         0.70833         0.00760         0.29167
  558                1         0.72273         0.00760         0.27727
  559                1         0.72082         0.00760         0.27918
  560                1         0.67692         0.00760         0.32308
  561                1         0.66287         0.00760         0.33713
  562                1         0.67101         0.00760         0.32899
  563                1         0.67101         0.00760         0.32899
  564                1         0.62422         0.22598         0.37578
  565                1         0.59932         0.17138         0.40068
  566                1         0.66689         0.00760         0.33311
  567                1         0.67529         0.00760         0.32471
  568                1         0.68335         0.00760         0.31665
  569                1         0.69082         0.00760         0.30918
  570                1         0.70800         0.00760         0.29200
  571                1         0.72124         0.00760         0.27876
  572                1         0.72273         0.00760         0.27727
  573                1         0.72082         0.00760         0.27918
  574                1         0.68533        -0.00006         0.31467
  575                1         0.69063        -0.00006         0.30937
  576                1         0.69926        -0.00006         0.30074
  577                1         0.72665        -0.00280         0.27335
  578                1         0.71478        -0.00280         0.28522
  579                1         0.70787        -0.00280         0.29213
  580                1         0.68915        -0.00280         0.31085
  581                1         0.69629        -0.00280         0.30371
  582                1         0.70444        -0.00280         0.29556
  583                1         0.71999        -0.00280         0.28001
  584                1         0.73960        -0.00280         0.26040
  585                1         0.73929        -0.00280         0.26071
  586                1         0.73722        -0.00280         0.26278
  587                1         0.73575        -0.00280         0.26425
  588                1         0.71405        -0.00280         0.28595
  589                1         0.71592        -0.00280         0.28408
  590                1         0.71361        -0.00280         0.28639
  591                1         0.74622        -0.00280         0.25378
  592                1         0.71761        -0.00280         0.28239
  593                1         0.75028        -0.00280         0.24972
  594                1         0.75721        -0.00280         0.24279
  595                1         0.75374        -0.00280         0.24626
  596                1         0.73865        -0.00280         0.26135
  597                1         0.73543        -0.00280         0.26457
  598                1         0.73540        -0.00280         0.26460
  599                1         0.74038        -0.00280         0.25962
  600                1         0.74646        -0.00280         0.25354
  601                1         0.74165        -0.00280         0.25835
  602                1         0.72035        -0.00280         0.27965
  603                1         0.72865        -0.00280         0.27135
  604                1         0.68170         0.01251         0.31830
  605                1         0.68169         0.01251         0.31831
  606                1         0.66393         0.01251         0.33607
  607                1         0.67139         0.01251         0.32861
  608                1         0.67080         0.01251         0.32920
  609                1         0.67642         0.01251         0.32358
  610                1         0.70287         0.00252         0.29713
  611                1         0.71032         0.00252         0.28968
  612                1         0.70019         0.00252         0.29981
  613                1         0.67944         0.00252         0.32056
  614                1         0.66099         0.00252         0.33901
  615                1         0.67862         0.00252         0.32138
  616                1         0.65396         0.00252         0.34604
  617                1         0.63821         0.00252         0.36179
  618                1         0.63213         0.00252         0.36787
  619                1         0.64219         0.00252         0.35781
  620                1         0.62344         0.00252         0.37656
  621                1         0.61270         0.00252         0.38730
  622                1         0.62653         0.00252         0.37347
  623                1         0.63372         0.00252         0.36628
  624                1         0.60052         0.00252         0.39948
  625                1         0.70167         0.00252         0.29833
  626                1         0.71729         0.00252         0.28271
  627                1         0.69917         0.00252         0.30083
  628                1         0.71413         0.00252         0.28587
  629                1         0.71852         0.00252         0.28148
  630                1         0.71191         0.00252         0.28809
  631                1         0.57873         0.01241         0.42127
  632                1         0.57043         0.01241         0.42957
  633                1         0.57530         0.01241         0.42470
  634                1         0.57041         0.01241         0.42959
  635                1         0.56233         0.01241         0.43767
  636                1         0.56092         0.01241         0.43908
  637                1         0.55229         0.01241         0.44771
  638                1         0.54927         0.01241         0.45073
  639                1         0.55614         0.01241         0.44386
  640                1         0.55898         0.01241         0.44102
  641                1         0.58331         0.01241         0.41669
  642                1         0.56461         0.01241         0.43539
  643                1         0.56642         0.01241         0.43358
  644                1         0.55461         0.22950         0.44539
  645                1         0.54708         0.01113         0.45292
  646                1         0.54882         0.01113         0.45118
  647                1         0.54332         0.01113         0.45668
  648                1         0.54256         0.01113         0.45744
  649                1         0.54063         0.01113         0.45937
  650                1         0.53982         0.01113         0.46018
  651                1         0.54054         0.01113         0.45946
  652                1         0.54204         0.01113         0.45796
  653                1         0.54426         0.01113         0.45574
  654                1         0.55228         0.01113         0.44772
  655                1         0.54796         0.01113         0.45204
  656                1         0.58357         0.01113         0.41643
  657                1         0.56484         0.01113         0.43516
  658                1         0.56033         0.01113         0.43967
  659                1         0.57134         0.01113         0.42866
  660                1         0.58644         0.01113         0.41356
  661                1         0.59367         0.01113         0.40633
  662                1         0.62142         0.01113         0.37858
  663                1         0.62388         0.01113         0.37612
  664                1         0.50920         0.58436         0.49080
  665                1         0.53187         0.33869         0.46813
  666                1         0.54842         0.12032         0.45158
  667                1         0.58128         0.01167         0.41872
  668                1         0.58438         0.01167         0.41562
  669                1         0.55407         0.15206         0.44593
  670                1         0.56023         0.01167         0.43977
  671                1         0.55273         0.01266         0.44727
  672                1         0.62237         0.01266         0.37763
  673                1         0.58983         0.01266         0.41017
  674                1         0.60661         0.01266         0.39339
  675                1         0.53155         0.01266         0.46845
  676                1         0.56144         0.01266         0.43856
  677                0         0.48509        -0.20156        -0.48509
  678                0         0.49369        -0.20156        -0.49369
  679                0         0.50357        -0.39810        -0.50357
  680                1         0.51865         0.33985         0.48135
  681                1         0.48350         0.81631         0.51650
  682                0         0.49983        -0.33259        -0.49983
  683                0         0.51439        -0.33259        -0.51439
  684                0         0.52644        -0.66015        -0.52644
  685                1         0.53830         0.20883         0.46170
  686                0         0.47349        -0.20107        -0.47349
  687                0         0.47525        -0.20107        -0.47525
  688                0         0.47866        -0.20107        -0.47866
  689                0         0.47773        -0.16831        -0.47773
  690                0         0.48168        -0.20107        -0.48168
  691                0         0.48692        -0.20107        -0.48692
  692                0         0.47002        -0.00391        -0.47002
  693                0         0.47430        -0.00391        -0.47430
  694                0         0.47481        -0.24959        -0.47481
  695                0         0.51189        -0.33148        -0.51189
  696                0         0.49418        -0.33148        -0.49418
  697                0         0.47481        -0.24959        -0.47481
  698                0         0.43515        -0.00349        -0.43515
  699                0         0.44861        -0.00349        -0.44861
  700                0         0.42284        -0.06491        -0.42284
  701                0         0.49043        -0.20003        -0.49043
  702                0         0.31980        -0.00332        -0.31980
  703                0         0.38140        -0.22170        -0.38140
  704                0         0.44634        -0.10149        -0.44634
  705                0         0.41742        -0.00322        -0.41742
  706                0         0.40904        -0.00322        -0.40904
  707                0         0.40775        -0.00322        -0.40775
  708                0         0.40384        -0.00322        -0.40384
  709                0         0.40192        -0.00322        -0.40192
  710                0         0.39937        -0.00322        -0.39937
  711                0         0.39481        -0.00322        -0.39481
  712                0         0.39923        -0.00322        -0.39923
  713                0         0.40107        -0.00322        -0.40107
  714                0         0.39684        -0.00322        -0.39684
  715                0         0.40052        -0.00322        -0.40052
  716                0         0.39643        -0.00322        -0.39643
  717                0         0.37271        -0.00288        -0.37271
  718                0         0.30472        -0.00288        -0.30472
  719                0         0.29603        -0.00288        -0.29603
  720                0         0.30606        -0.00288        -0.30606
  721                0         0.28130        -0.00278        -0.28130
  722                0         0.28397        -0.00278        -0.28397
  723                0         0.28844        -0.00278        -0.28844
  724                0         0.28747        -0.00278        -0.28747
  725                0         0.28438        -0.00278        -0.28438
  726                0         0.27820        -0.00278        -0.27820
  727                0         0.27648        -0.00278        -0.27648
  728                0         0.28115        -0.00278        -0.28115
  729                0         0.27667        -0.00278        -0.27667
  730                0         0.27807        -0.00278        -0.27807
  731                0         0.28689        -0.00278        -0.28689
  732                0         0.27918        -0.00317        -0.27918
  733                0         0.28098        -0.00317        -0.28098
  734                0         0.12983        -0.00262        -0.12983
  735                0         0.12861        -0.00262        -0.12861
  736                0         0.12973        -0.00262        -0.12973
  737                0         0.13390        -0.00262        -0.13390
  738                0         0.13260        -0.00262        -0.13260
  739                0         0.13220        -0.00262        -0.13220
  740                0         0.11668        -0.00262        -0.11668
  741                0         0.13446        -0.00262        -0.13446
  742                0         0.13316        -0.00262        -0.13316
  743                0         0.13603        -0.00262        -0.13603
  744                0         0.13551        -0.00262        -0.13551
  745                0         0.13768        -0.00262        -0.13768
  746                0         0.13658        -0.00262        -0.13658
  747                0         0.12777        -0.00262        -0.12777
  748                0         0.13401        -0.00262        -0.13401
  749                0         0.13357        -0.00262        -0.13357
  750                0         0.13512        -0.00262        -0.13512
  751                0         0.13595        -0.00262        -0.13595
  752                0         0.13699        -0.00262        -0.13699
  753                0         0.13579        -0.00262        -0.13579
  754                0         0.13301        -0.00262        -0.13301
  755                0         0.12044        -0.00262        -0.12044
  756                0         0.13406        -0.00262        -0.13406
  757                0         0.13214        -0.00262        -0.13214
  758                0         0.12596        -0.00218        -0.12596
  759                0         0.12521        -0.00218        -0.12521
  760                0         0.12500        -0.00218        -0.12500
  761                0         0.12408        -0.00218        -0.12408
  762                0         0.12285        -0.00218        -0.12285
  763                0         0.12269        -0.00218        -0.12269
  764                0         0.12229        -0.00218        -0.12229
  765                0         0.11935        -0.00218        -0.11935
  766                0         0.12461        -0.00218        -0.12461
  767                0         0.11325        -0.00216        -0.11325
  768                0         0.12507        -0.00271        -0.12507
  769                0         0.12316        -0.00213        -0.12316
  770                0         0.12551        -0.00213        -0.12551
  771                0         0.08265        -0.00227        -0.08265
  772                0         0.09256        -0.00227        -0.09256
  773                0         0.09566        -0.00227        -0.09566
  774                0         0.09084        -0.00227        -0.09084
  775                0         0.09209        -0.00227        -0.09209
  776                0         0.09650        -0.00227        -0.09650
  777                0         0.09736        -0.00224        -0.09736
  778                0         0.10640        -0.00224        -0.10640
  779                0         0.10962        -0.00224        -0.10962
  780                0         0.11033        -0.00224        -0.11033
  781                0         0.10867        -0.00224        -0.10867
  782                0         0.10915        -0.00224        -0.10915
  783                0         0.10966        -0.00224        -0.10966
  784                0         0.10940        -0.00224        -0.10940
  785                0         0.10801        -0.00224        -0.10801
  786                0         0.10260        -0.00224        -0.10260
  787                0         0.10939        -0.00224        -0.10939
  788                0         0.10847        -0.00224        -0.10847
  789                0         0.11297        -0.00224        -0.11297
  790                0         0.11105        -0.00224        -0.11105
  791                0         0.11435        -0.00224        -0.11435
  792                0         0.11556        -0.00224        -0.11556
  793                0         0.11459        -0.00224        -0.11459
  794                0         0.11207        -0.00224        -0.11207
  795                0         0.11171        -0.00224        -0.11171
  796                0         0.11090        -0.00224        -0.11090
  797                0         0.17758        -0.00268        -0.17758
  798                0         0.15253        -0.00316        -0.15253
  799                0         0.15312        -0.00316        -0.15312
  800                0         0.17034        -0.00316        -0.17034
  801                0         0.17148        -0.00316        -0.17148
  802                0         0.15083        -0.00316        -0.15083
  803                0         0.14765        -0.00316        -0.14765
  804                0         0.14671        -0.00316        -0.14671
  805                0         0.13746        -0.00316        -0.13746
  806                0         0.15474        -0.00316        -0.15474
  807                0         0.16429        -0.00316        -0.16429
  808                0         0.16553        -0.00316        -0.16553
  809                0         0.16515        -0.00316        -0.16515
  810                0         0.16630        -0.00316        -0.16630
  811                0         0.16773        -0.00316        -0.16773
  812                0         0.17055        -0.00316        -0.17055
  813                0         0.16916        -0.00316        -0.16916
  814                0         0.17312        -0.00316        -0.17312
  815                0         0.17397        -0.00316        -0.17397
  816                0         0.17470        -0.00316        -0.17470
  817                0         0.17384        -0.00316        -0.17384
  818                0         0.17329        -0.00316        -0.17329
  819                0         0.17406        -0.00316        -0.17406
  820                0         0.17364        -0.00316        -0.17364
  821                0         0.17387        -0.00316        -0.17387
  822                0         0.17352        -0.00316        -0.17352
  823                0         0.17217        -0.00316        -0.17217
  824                0         0.17193        -0.00316        -0.17193
  825                0         0.17110        -0.00316        -0.17110
  826                0         0.16268        -0.00316        -0.16268
  827                0         0.16894        -0.00316        -0.16894
  828                0         0.17496        -0.00316        -0.17496
  829                0         0.12152        -0.00258        -0.12152
  830                0         0.19958        -0.00272        -0.19958
  831                0         0.22741        -0.00272        -0.22741
  832                0         0.18728        -0.00272        -0.18728
  833                0         0.18629        -0.00307        -0.18629
  834                0         0.17998        -0.00307        -0.17998
  835                0         0.17830        -0.00307        -0.17830
  836                0         0.17777        -0.00307        -0.17777
  837                0         0.17795        -0.00307        -0.17795
  838                0         0.17727        -0.00307        -0.17727
  839                0         0.17577        -0.00307        -0.17577
  840                0         0.17622        -0.00307        -0.17622
  841                0         0.17632        -0.00307        -0.17632
  842                0         0.17512        -0.00307        -0.17512
  843                0         0.17562        -0.00307        -0.17562
  844                0         0.25465        -0.00258        -0.25465
  845                0         0.28560        -0.00258        -0.28560
  846                0         0.27541        -0.00260        -0.27541
  847                0         0.27708        -0.00260        -0.27708
  848                0         0.28144        -0.00260        -0.28144
  849                0         0.27481        -0.00449        -0.27481
  850                0         0.27268        -0.00449        -0.27268
  851                0         0.27711        -0.00449        -0.27711
  852                0         0.27563        -0.00449        -0.27563
  853                0         0.27259        -0.00449        -0.27259
  854                0         0.27433        -0.00449        -0.27433
  855                0         0.27354        -0.00449        -0.27354
  856                0         0.27325        -0.00449        -0.27325
  857                0         0.27261        -0.00449        -0.27261
  858                0         0.27120        -0.00449        -0.27120
  859                0         0.27041        -0.00449        -0.27041
  860                0         0.27002        -0.00449        -0.27002
  861                0         0.26989        -0.00449        -0.26989
  862                0         0.26980        -0.00449        -0.26980
  863                0         0.26971        -0.00449        -0.26971
  864                0         0.26972        -0.00449        -0.26972
  865                0         0.27015        -0.00449        -0.27015
  866                0         0.27034        -0.00449        -0.27034
  867                0         0.26984        -0.00449        -0.26984
  868                0         0.26987        -0.00449        -0.26987
  869                0         0.27010        -0.00449        -0.27010
  870                0         0.27063        -0.00449        -0.27063
  871                0         0.27031        -0.00449        -0.27031
  872                0         0.27082        -0.00449        -0.27082
  873                0         0.27053        -0.00449        -0.27053
  874                0         0.27104        -0.00449        -0.27104
  875                0         0.27148        -0.00449        -0.27148
  876                0         0.27146        -0.00449        -0.27146
  877                0         0.27157        -0.00449        -0.27157
  878                0         0.27221        -0.00449        -0.27221
  879                0         0.27204        -0.00449        -0.27204
  880                1         1.03342         0.00329        -0.03342
  881                1         1.05625         0.00329        -0.05625
  882                1         1.03158         0.00329        -0.03158
  883                1         1.04694         0.00262        -0.04694
  884                1         1.07426         0.00329        -0.07426
  885                1         1.18566        -0.00391        -0.18566
  886                1         1.20689        -0.00391        -0.20689
  887                1         1.21498        -0.00391        -0.21498
  888                1         1.22668        -0.00383        -0.22668
  889                1         1.27305        -0.00522        -0.27305
  890                1         1.27317        -0.00522        -0.27317
  891                1         1.27317        -0.00522        -0.27317
  892                1         1.27306        -0.00522        -0.27306
  893                1         1.27258        -0.00522        -0.27258
  894                1         1.27077        -0.00522        -0.27077
  895                1         1.26386        -0.00522        -0.26386
  896                1         1.23755        -0.00522        -0.23755
  897                1         1.22104        -0.01042        -0.22104
  898                1         1.24058        -0.01042        -0.24058
  899                1         1.24742        -0.01042        -0.24742
  900                1         1.25715        -0.01042        -0.25715
  901                1         1.26202        -0.01042        -0.26202
  902                1         1.26771        -0.01042        -0.26771
  903                1         1.26799        -0.01042        -0.26799
  904                1         1.25509        -0.01042        -0.25509
  905                1         1.26263        -0.01042        -0.26263
  906                1         1.26752        -0.01042        -0.26752
  907                1         1.27327        -0.01042        -0.27327
  908                1         1.28047        -0.01042        -0.28047
  909                1         1.28324        -0.01042        -0.28324
  910                1         1.28555        -0.01042        -0.28555
  911                1         1.28631        -0.01042        -0.28631
  912                1         1.28513        -0.01042        -0.28513
  913                1         1.28586        -0.01042        -0.28586
  914                1         1.27800        -0.01042        -0.27800
  915                1         1.26649        -0.01042        -0.26649
  916                1         1.24787        -0.01042        -0.24787
  917                1         1.26827        -0.01042        -0.26827
  918                1         1.27306        -0.01042        -0.27306
  919                1         1.26354        -0.01042        -0.26354
  920                1         1.26645        -0.01042        -0.26645
  921                1         1.19807        -0.01042        -0.19807
  922                1         1.18522        -0.01042        -0.18522
  923                1         1.24618        -0.01042        -0.24618
  924                1         1.21332        -0.01042        -0.21332
  925                1         1.23977        -0.01042        -0.23977
  926                1         1.26047        -0.01042        -0.26047
  927                1         1.23922        -0.01042        -0.23922
  928                1         1.19370        -0.00835        -0.19370
  929                1         1.15359        -0.00381        -0.15359
  930                1         1.14428        -0.00411        -0.14428
  931                1         1.13761        -0.00411        -0.13761
  932                1         1.15659        -0.00411        -0.15659
  933                1         1.12834         0.00614        -0.12834
  934                1         1.18804         0.00614        -0.18804
  935                1         1.06831         0.00601        -0.06831
  936                1         0.43684         0.01473         0.56316
  937                1         0.45400         0.01456         0.54600
  938                1         0.45771         0.01401         0.54229
  939                1         0.49641         0.01401         0.50359
  940                1         0.46434         0.01473         0.53566
  941                1         0.46434         0.01473         0.53566
  942                1         0.49917         0.01473         0.50083
  943                1         1.01018         0.00614        -0.01018
  944                1         0.75876         0.00856         0.24124
  945                1         0.83744         0.00235         0.16256
  946                1         0.83804         0.00235         0.16196
  947                1         0.83849         0.00235         0.16151
  948                1         0.83734         0.00235         0.16266
  949                1         0.83710         0.00235         0.16290
  950                1         0.83717         0.00235         0.16283
  951                1         0.82780         0.00235         0.17220
  952                1         0.82918         0.00235         0.17082
  953                1         0.82907         0.00235         0.17093
  954                1         0.82958         0.00235         0.17042
  955                1         0.83460         0.00235         0.16540
  956                1         0.83527         0.00235         0.16473
  957                1         0.83544         0.00235         0.16456
  958                1         0.83175         0.00235         0.16825
  959                1         0.83012         0.00235         0.16988
  960                1         0.83545         0.00235         0.16455
  961                1         0.83532         0.00235         0.16468
  962                1         0.83673         0.00235         0.16327
  963                1         0.83675         0.00235         0.16325
  964                1         0.83803         0.00235         0.16197
  965                1         0.83704         0.00235         0.16296
  966                1         0.83409         0.00235         0.16591
  967                1         0.83737         0.00235         0.16263
  968                1         0.82174         0.00235         0.17826
  969                1         0.82914         0.00235         0.17086
  970                1         0.83187         0.00235         0.16813
  971                1         0.83534         0.00235         0.16466
  972                1         0.83188         0.00235         0.16812
  973                1         0.83162         0.00235         0.16838
  974                1         0.83324         0.00235         0.16676
  975                1         0.83327         0.00235         0.16673
  976                1         0.83510         0.00235         0.16490
  977                1         0.83479         0.00235         0.16521
  978                1         0.83326         0.00235         0.16674
  979                1         0.83544         0.00235         0.16456
  980                1         0.83436         0.00235         0.16564
  981                1         0.83301         0.00235         0.16699
  982                1         0.82725         0.00235         0.17275
  983                1         0.83279         0.00235         0.16721
  984                1         0.83595         0.00235         0.16405
  985                1         0.83549         0.00235         0.16451
  986                1         0.83713         0.00235         0.16287
  987                1         0.83350         0.00235         0.16650
  988                1         0.83619         0.00235         0.16381
  989                1         0.83831         0.00235         0.16169
  990                1         0.83775         0.00235         0.16225
  991                1         0.83598         0.00235         0.16402
  992                1         0.83710         0.00235         0.16290
  993                1         0.83729         0.00235         0.16271
  994                1         0.79519         0.00326         0.20481
  995                1         0.79923         0.00326         0.20077
  996                1         0.80518         0.00326         0.19482
  997                1         0.80849         0.00326         0.19151
  998                1         0.80349         0.00326         0.19651
  999                1         0.80819         0.00326         0.19181
 1000                1         0.80544         0.00326         0.19456
 1001                1         0.80209         0.00326         0.19791
 1002                1         0.80496         0.00326         0.19504
 1003                1         0.80489         0.00326         0.19511
 1004                1         0.80449         0.00326         0.19551
 1005                1         0.80492         0.00326         0.19508
 1006                1         0.80756         0.00326         0.19244
 1007                1         0.80472         0.00326         0.19528
 1008                1         0.80375         0.00326         0.19625
 1009                1         0.80397         0.00326         0.19603
 1010                1         0.80237         0.00326         0.19763
 1011                1         0.80450         0.00326         0.19550
 1012                1         0.80990         0.00326         0.19010
 1013                1         0.81352         0.00326         0.18648
 1014                1         0.81224         0.00326         0.18776
 1015                1         0.81419         0.00326         0.18581
 1016                1         0.81581         0.00326         0.18419
 1017                1         0.81514         0.00326         0.18486
 1018                1         0.81212         0.00326         0.18788
 1019                1         0.81868         0.00326         0.18132
 1020                1         0.80779         0.00326         0.19221
 1021                1         0.80391         0.00326         0.19609
 1022                1         0.81348         0.00326         0.18652
 1023                1         0.81386         0.00326         0.18614
 1024                1         0.83785         0.00067         0.16215
 1025                1         0.83273         0.00067         0.16727
 1026                1         0.83022         0.00067         0.16978
 1027                1         0.82710         0.00067         0.17290
 1028                1         0.82568         0.00067         0.17432
 1029                1         0.82482         0.00067         0.17518
 1030                1         0.82748         0.00067         0.17252
 1031                1         0.82302         0.00067         0.17698
 1032                1         0.80905         0.00067         0.19095
 1033                1         0.83714         0.00067         0.16286
 1034                1         0.83466         0.00067         0.16534
 1035                1         0.83022         0.00067         0.16978
 1036                1         0.82855         0.00067         0.17145
 1037                1         0.82694         0.00067         0.17306
 1038                1         0.82740         0.00067         0.17260
 1039                1         0.82234         0.00067         0.17766
 1040                1         0.82564         0.00067         0.17436
 1041                1         0.81603         0.00067         0.18397
 1042                1         0.79326         0.00314         0.20674
 1043                1         0.79183         0.00314         0.20817
 1044                1         0.78829         0.00792         0.21171
 1045                1         0.78747         0.00792         0.21253
 1046                1         0.78764         0.00792         0.21236
 1047                1         0.78916         0.00792         0.21084
 1048                1         0.78630         0.00800         0.21370
 1049                1         0.78405         0.00800         0.21595
 1050                1         0.78485         0.00800         0.21515
 1051                1         0.77927         0.00856         0.22073
 1052                1         0.77137         0.00587         0.22863
 1053                1         0.77308         0.00837         0.22692
 1054                1         0.77556         0.00728         0.22444
 1055                1         0.77528         0.00832         0.22472
 1056                1         0.77400         0.00832         0.22600
 1057                1         0.78461         0.00331         0.21539
 1058                1         0.79997         0.00331         0.20003
 1059                1         0.79441         0.00331         0.20559
 1060                1         0.79009         0.00331         0.20991
 1061                1         0.78641         0.00331         0.21359
 1062                1         0.78580         0.00331         0.21420
 1063                1         0.78515         0.00331         0.21485
 1064                1         0.78262         0.00331         0.21738
 1065                1         0.78518         0.00331         0.21482
 1066                1         0.78443         0.00331         0.21557
 1067                1         0.78432         0.00331         0.21568
 1068                1         0.78828         0.00326         0.21172
 1069                1         0.79036         0.00326         0.20964
 1070                1         0.79697         0.00326         0.20303
 1071                1         0.79699         0.00326         0.20301
 1072                1         0.79881         0.00326         0.20119
 1073                1         0.80457         0.00326         0.19543
 1074                1         0.80778         0.00326         0.19222
 1075                1         0.80916         0.00326         0.19084
 1076                1         0.80949         0.00326         0.19051
 1077                1         0.81132         0.00326         0.18868
 1078                1         0.81187         0.00326         0.18813
 1079                1         0.81228         0.00326         0.18772
 1080                1         0.81383         0.00326         0.18617
 1081                1         0.81340         0.00326         0.18660
 1082                1         0.81754         0.00326         0.18246
 1083                1         0.82310         0.00326         0.17690
 1084                1         0.81007         0.00326         0.18993
 1085                1         0.80527         0.00326         0.19473
 1086                1         0.80341         0.00326         0.19659
 1087                1         0.83385        -0.00379         0.16615
 1088                1         1.00032         0.00324        -0.00032
 1089                1         0.99708         0.00324         0.00292
 1090                1         1.00032         0.00324        -0.00032
 1091                1         1.00032         0.00324        -0.00032
 1092                1         1.01678         0.00324        -0.01678
 1093                1         1.04479         0.00329        -0.04479
 1094                1         1.05109         0.00329        -0.05109
 1095                1         1.14075        -0.00386        -0.14075
 1096                1         1.17893        -0.00407        -0.17893
 1097                1         1.17886        -0.00407        -0.17886
 1098                1         1.18363        -0.00407        -0.18363
 1099                1         1.18458        -0.00407        -0.18458
 1100                1         1.18501        -0.00407        -0.18501
 1101                1         1.18419        -0.00407        -0.18419
 1102                1         1.18124        -0.00407        -0.18124
 1103                1         1.17721        -0.00407        -0.17721
 1104                1         1.17597        -0.00407        -0.17597
 1105                1         1.17005        -0.00407        -0.17005
 1106                1         1.17752        -0.00407        -0.17752
 1107                1         1.17565        -0.00407        -0.17565
 1108                1         1.17429        -0.00407        -0.17429
 1109                1         1.17397        -0.00407        -0.17397
 1110                1         1.17289        -0.00407        -0.17289
 1111                1         1.17160        -0.00407        -0.17160
 1112                1         1.16701        -0.00407        -0.16701
 1113                1         1.16850        -0.00407        -0.16850
 1114                1         1.16068        -0.00407        -0.16068
 1115                1         1.15761        -0.00407        -0.15761
 1116                1         1.13367        -0.00407        -0.13367
 1117                1         1.16361        -0.00407        -0.16361
 1118                1         1.18242        -0.00407        -0.18242
 1119                1         1.08896        -0.00403        -0.08896
 1120                1         0.98208        -0.00404         0.01792
 1121                1         0.99067        -0.00404         0.00933
 1122                1         0.99072        -0.00404         0.00928
 1123                1         0.97389        -0.00404         0.02611
 1124                1         0.94643        -0.00404         0.05357
 1125                1         0.98658        -0.00404         0.01342
 1126                1         0.90774        -0.00390         0.09226
 1127                1         0.91487        -0.00390         0.08513
 1128                1         0.95278        -0.00390         0.04722
 1129                1         0.93907        -0.00390         0.06093
 1130                1         0.91660        -0.00390         0.08340
 1131                1         1.01055        -0.00390        -0.01055
 1132                1         0.93489        -0.00390         0.06511
 1133                1         0.91206        -0.00390         0.08794
 1134                1         0.97817        -0.00390         0.02183
 1135                1         0.86816        -0.00390         0.13184
 1136                1         1.00718        -0.00382        -0.00718
 1137                1         0.98967        -0.00384         0.01033
 1138                1         1.15418        -0.00384        -0.15418
 1139                1         0.48531         0.01469         0.51469
 1140                1         0.49894         0.01469         0.50106
 1141                1         0.46757         0.01469         0.53243
 1142                1         0.54502         0.01469         0.45498
 1143                1         0.40483         0.01450         0.59517
 1144                1         0.41602         0.01450         0.58398
 1145                1         0.42557         0.01450         0.57443
 1146                1         0.45326         0.01450         0.54674
 1147                1         0.38998         0.01440         0.61002
 1148                1         0.38986         0.01440         0.61014
 1149                1         0.40720         0.01440         0.59280
 1150                1         0.39648         0.01440         0.60352
 1151                1         0.38439         0.01440         0.61561
 1152                1         0.38810         0.01473         0.61190
 1153                1         0.38807         0.01473         0.61193
 1154                1         0.38501         0.01473         0.61499
 1155                1         0.38224         0.01473         0.61776
 1156                1         0.37709         0.01473         0.62291
 1157                1         0.37862         0.01473         0.62138
 1158                1         0.38245         0.01473         0.61755
 1159                1         0.38652         0.01473         0.61348
 1160                1         0.40021         0.01473         0.59979
 1161                1         0.40040         0.01472         0.59960
 1162                1         0.41517         0.01472         0.58483
 1163                1         0.42378         0.01472         0.57622
 1164                1         0.39578         0.01472         0.60422
 1165                1         0.43554         0.01471         0.56446
 1166                1         0.77246         0.00856         0.22754
 1167                1         0.74193         0.00855         0.25807
 1168                1         0.62067         0.00855         0.37933
 1169                1         0.58637         0.00855         0.41363
 1170                1         0.63110         0.00838         0.36890
 1171                1         0.56800         0.00838         0.43200
 1172                1         0.59267         0.00838         0.40733
 1173                1         0.60531         0.00838         0.39469
 1174                1         0.60251         0.00838         0.39749
 1175                1         0.58163         0.00838         0.41837
 1176                1         0.58704         0.00838         0.41296
 1177                1         0.53747         0.00845         0.46253
 1178                1         0.56199         0.00845         0.43801
 1179                1         0.55120         0.00845         0.44880
 1180                1         0.56311         0.00845         0.43689
 1181                1         0.53137         0.00845         0.46863
 1182                1         0.51367         0.00845         0.48633
 1183                1         0.49927         0.00845         0.50073
 1184                1         0.51083         0.00845         0.48917
 1185                1         0.45508         0.00845         0.54492
 1186                1         0.90750         0.00610         0.09250
 1187                1         1.00983         0.00610        -0.00983
 1188                1         0.97015         0.00610         0.02985
 1189                1         0.76739         0.00855         0.23261
 1190                1         0.75678         0.00855         0.24322
 1191                1         0.75742         0.00852         0.24258
 1192                1         0.76129         0.00852         0.23871
 1193                1         0.82150         0.00607         0.17850
 1194                1         0.82754         0.00607         0.17246
 1195                1         0.84531         0.00607         0.15469
 1196                1         0.84381         0.00607         0.15619
 1197                1         0.83419         0.00607         0.16581
 1198                1         0.86229         0.00607         0.13771
 1199                1         0.85805         0.00607         0.14195
 1200                1         0.84973         0.00607         0.15027
 1201                1         0.82170         0.00607         0.17830
 1202                1         0.81564         0.00607         0.18436
 1203                1         0.84889         0.00607         0.15111
 1204                1         0.81250         0.00607         0.18750
 1205                1         0.81286         0.00613         0.18714
 1206                1         0.80517         0.00613         0.19483
 1207                1         0.80406         0.00613         0.19594
 1208                1         0.78101         0.00855         0.21899
 1209                1         0.76969         0.00855         0.23031
 1210                1         0.76799         0.00855         0.23201
 1211                1         0.76871         0.00855         0.23129
 1212                1         0.77101         0.00855         0.22899
 1213                1         0.79095         0.00855         0.20905
 1214                1         0.72994         0.00839         0.27006
 1215                1         0.73117         0.00839         0.26883
 1216                1         0.73502         0.00839         0.26498
 1217                1         0.73833         0.00839         0.26167
 1218                1         0.73984         0.00839         0.26016
 1219                1         0.74244         0.00839         0.25756
 1220                1         0.74240         0.00839         0.25760
 1221                1         0.74758         0.00839         0.25242
 1222                1         0.74411         0.00839         0.25589
 1223                1         0.75918         0.00839         0.24082
 1224                1         0.83804         0.00839         0.16196
 1225                1         0.77888         0.00839         0.22112
 1226                1         0.78514         0.00839         0.21486
 1227                1         0.75172         0.00839         0.24828
 1228                1         0.78215         0.00849         0.21785
 1229                1         0.74507         0.00849         0.25493
 1230                1         0.73975         0.00849         0.26025
 1231                1         0.73250         0.00849         0.26750
 1232                1         0.73018         0.00849         0.26982
 1233                1         0.80251         0.00614         0.19749
 1234                1         0.78843         0.00849         0.21157
 1235                1         0.78527         0.00849         0.21473
 1236                1         0.79226         0.00849         0.20774
 1237                1         0.77734         0.00849         0.22266
============================== END OF REPORT ================================

