>>03/02/21 07:17:07
REGRESSION
----------
SUMMARY OF OUTPUT: SPATIAL ERROR MODEL - MAXIMUM LIKELIHOOD ESTIMATION 
Data set            : Ocup_BR104_OF
Spatial Weight      : Ocup_BR104_OF
Dependent Variable  :   ocup_2010  Number of Observations: 1217
Mean dependent var  :    0.670501  Number of Variables   :    3
S.D. dependent var  :    0.470031  Degrees of Freedom    : 1214
Lag coeff. (Lambda) :    0.993564

R-squared           :    0.975204  R-squared (BUSE)      : - 
Sq. Correlation     : -            Log likelihood        : 1372.915120
Sigma-square        :  0.00547807  Akaike info criterion :    -2739.83
S.E of regression   :    0.074014  Schwarz criterion     :    -2724.52

-----------------------------------------------------------------------------
       Variable       Coefficient     Std.Error       z-value    Probability
-----------------------------------------------------------------------------
          CONSTANT      0.428886       0.329676        1.30093     0.19328
          Dens_Dom       40.2665        13.4178        3.00098     0.00269
          Dens_hab      -9.52135        4.02931       -2.36303     0.01813
            LAMBDA      0.993564     0.00264883        375.096     0.00000
-----------------------------------------------------------------------------

REGRESSION DIAGNOSTICS
DIAGNOSTICS FOR HETEROSKEDASTICITY 
RANDOM COEFFICIENTS
TEST                                     DF      VALUE        PROB
Breusch-Pagan test                       2       202.5313     0.00000

DIAGNOSTICS FOR SPATIAL DEPENDENCE 
SPATIAL ERROR DEPENDENCE FOR WEIGHT MATRIX : Ocup_BR104_OF
TEST                                     DF      VALUE        PROB
Likelihood Ratio Test                    1      4245.7708     0.00000

COEFFICIENTS VARIANCE MATRIX
   CONSTANT    Dens_Dom    Dens_hab      LAMBDA 
   0.108686    0.021486   -0.007048    0.000000 
   0.021486  180.037387  -52.579278    0.000000 
  -0.007048  -52.579278   16.235314    0.000000 
   0.000000    0.000000    0.000000    0.000007 


  OBS       ocup_2010        PREDICTED        RESIDUAL       PRED ERROR
    1                0         0.43115        -0.00347        -0.43115
    2                0         0.43115        -0.00391        -0.43115
    3                0         0.43115        -0.00457        -0.43115
    4                0         0.43115        -0.00391        -0.43115
    5                0         0.43115        -0.00347        -0.43115
    6                0         0.43115        -0.00347        -0.43115
    7                0         0.44659        -0.02058        -0.44659
    8                0         0.44659        -0.02004        -0.44659
    9                0         0.42889        -0.00437        -0.42889
   10                0         0.42889        -0.00351        -0.42889
   11                0         0.42889        -0.00061        -0.42889
   12                0         0.42770        -0.00101        -0.42770
   13                0         0.42770        -0.00101        -0.42770
   14                0         0.42770        -0.00114        -0.42770
   15                0         0.42627        -0.00173        -0.42627
   16                0         0.42627        -0.00043        -0.42627
   17                0         0.42889        -0.00587        -0.42889
   18                0         0.42889        -0.00433        -0.42889
   19                0         0.42889        -0.00409        -0.42889
   20                0         0.42889        -0.00428        -0.42889
   21                0         0.42675        -0.00238        -0.42675
   22                0         0.42675        -0.00220        -0.42675
   23                0         0.42675        -0.00248        -0.42675
   24                0         0.42889        -0.00503        -0.42889
   25                0         0.42509         0.00036        -0.42509
   26                0         0.42509        -0.00153        -0.42509
   27                0         0.42509        -0.00028        -0.42509
   28                0         0.42509        -0.00101        -0.42509
   29                0         0.44777        -0.02034        -0.44777
   30                0         0.44777        -0.02017        -0.44777
   31                0         0.44777        -0.01968        -0.44777
   32                0         0.44777        -0.02471        -0.44777
   33                0         0.41511         0.01360        -0.41511
   34                0         0.41511         0.01226        -0.41511
   35                0         0.44207        -0.01000        -0.44207
   36                0         0.44207        -0.00269        -0.44207
   37                0         0.44207         0.00524        -0.44207
   38                0         0.44207         0.00578        -0.44207
   39                0         0.44207         0.00524        -0.44207
   40                0         0.44207         0.00137        -0.44207
   41                0         0.44207        -0.00582        -0.44207
   42                0         0.44207        -0.00730        -0.44207
   43                0         0.44207        -0.01024        -0.44207
   44                0         0.44207        -0.00353        -0.44207
   45                0         0.43887        -0.01007        -0.43887
   46                0         0.43887         0.00051        -0.43887
   47                0         0.43887        -0.00111        -0.43887
   48                0         0.43887         0.00051        -0.43887
   49                0         0.43887        -0.00703        -0.43887
   50                0         0.43887        -0.00443        -0.43887
   51                0         0.43887        -0.00418        -0.43887
   52                0         0.43887         0.00395        -0.43887
   53                0         0.43887         0.00577        -0.43887
   54                0         0.43887         0.00860        -0.43887
   55                0         0.43887         0.00576        -0.43887
   56                0         0.43887         0.00856        -0.43887
   57                0         0.43887         0.00462        -0.43887
   58                0         0.43887        -0.00197        -0.43887
   59                0         0.45835        -0.01248        -0.45835
   60                0         0.45835        -0.00958        -0.45835
   61                0         0.45835        -0.00699        -0.45835
   62                0         0.45835        -0.00793        -0.45835
   63                0         0.45835        -0.00961        -0.45835
   64                0         0.45835        -0.00726        -0.45835
   65                0         0.45835        -0.00442        -0.45835
   66                0         0.45835        -0.00295        -0.45835
   67                0         0.45835        -0.00295        -0.45835
   68                0         0.45835        -0.00295        -0.45835
   69                0         0.45835        -0.00295        -0.45835
   70                0         0.45835        -0.00295        -0.45835
   71                0         0.45835        -0.00295        -0.45835
   72                0         0.45835        -0.00600        -0.45835
   73                0         0.45835        -0.00857        -0.45835
   74                0         0.45835        -0.00559        -0.45835
   75                0         0.45835        -0.00577        -0.45835
   76                0         0.45835        -0.00530        -0.45835
   77                0         0.45835        -0.00517        -0.45835
   78                0         0.45835        -0.00295        -0.45835
   79                0         0.45835        -0.00295        -0.45835
   80                0         0.45835        -0.00295        -0.45835
   81                0         0.45835        -0.00571        -0.45835
   82                0         0.45835        -0.00295        -0.45835
   83                0         0.45835        -0.00295        -0.45835
   84                0         0.45835        -0.00507        -0.45835
   85                0         0.45835        -0.01334        -0.45835
   86                0         0.45835        -0.00721        -0.45835
   87                0         0.45835        -0.00571        -0.45835
   88                0         0.45835        -0.00523        -0.45835
   89                0         0.45835        -0.00725        -0.45835
   90                0         0.45835        -0.00950        -0.45835
   91                0         0.45835        -0.01057        -0.45835
   92                0         0.45835        -0.01500        -0.45835
   93                0         0.45835        -0.01496        -0.45835
   94                0         0.45835        -0.00295        -0.45835
   95                0         0.45835        -0.00409        -0.45835
   96                0         0.45835        -0.00416        -0.45835
   97                0         0.45835        -0.00433        -0.45835
   98                0         0.45835        -0.00741        -0.45835
   99                0         0.45835        -0.01523        -0.45835
  100                0         0.45835        -0.00517        -0.45835
  101                0         0.45835        -0.00504        -0.45835
  102                0         0.45835        -0.00553        -0.45835
  103                0         0.45835        -0.00511        -0.45835
  104                0         0.45835        -0.00526        -0.45835
  105                0         0.45835        -0.00668        -0.45835
  106                0         0.45835        -0.01743        -0.45835
  107                0         0.45835        -0.00951        -0.45835
  108                0         0.45835        -0.00416        -0.45835
  109                0         0.45835        -0.00838        -0.45835
  110                0         0.45835        -0.00392        -0.45835
  111                0         0.45835        -0.00517        -0.45835
  112                0         0.45835        -0.00532        -0.45835
  113                0         0.45835        -0.00538        -0.45835
  114                0         0.45835        -0.01474        -0.45835
  115                0         0.41463         0.01385        -0.41463
  116                0         0.41463         0.01421        -0.41463
  117                0         0.41463         0.01031        -0.41463
  118                0         0.41463         0.00433        -0.41463
  119                0         0.41463         0.01048        -0.41463
  120                0         0.41463         0.01409        -0.41463
  121                0         0.41463         0.01525        -0.41463
  122                0         0.41463         0.01651        -0.41463
  123                0         0.41463         0.01693        -0.41463
  124                0         0.41463         0.01693        -0.41463
  125                0         0.41463         0.01693        -0.41463
  126                0         0.41463         0.01140        -0.41463
  127                0         0.43851        -0.00747        -0.43851
  128                0         0.43851        -0.00866        -0.43851
  129                0         0.43851        -0.00747        -0.43851
  130                0         0.43851        -0.00747        -0.43851
  131                0         0.43851        -0.00747        -0.43851
  132                0         0.43851        -0.00866        -0.43851
  133                0         0.43851        -0.00866        -0.43851
  134                0         0.43851        -0.00747        -0.43851
  135                0         0.43851        -0.00747        -0.43851
  136                0         0.43851        -0.00866        -0.43851
  137                0         0.43851        -0.00866        -0.43851
  138                0         0.43851        -0.00747        -0.43851
  139                0         0.43851        -0.00747        -0.43851
  140                0         0.43851        -0.00747        -0.43851
  141                0         0.45074        -0.02260        -0.45074
  142                0         0.45074        -0.02244        -0.45074
  143                0         0.45074        -0.02462        -0.45074
  144                0         0.45074        -0.02142        -0.45074
  145                0         0.42675         0.00751        -0.42675
  146                0         0.42675         0.01036        -0.42675
  147                0         0.42675         0.00324        -0.42675
  148                0         0.42675         0.00674        -0.42675
  149                0         0.42675         0.00481        -0.42675
  150                0         0.42675        -0.00165        -0.42675
  151                0         0.42675         0.00365        -0.42675
  152                0         0.42675        -0.00075        -0.42675
  153                0         0.42675         0.00344        -0.42675
  154                0         0.42675        -0.00100        -0.42675
  155                0         0.42675        -0.00193        -0.42675
  156                0         0.42675        -0.00145        -0.42675
  157                0         0.42675         0.00160        -0.42675
  158                0         0.42675         0.00167        -0.42675
  159                0         0.42675         0.00180        -0.42675
  160                0         0.42675         0.00273        -0.42675
  161                0         0.42675         0.00292        -0.42675
  162                0         0.42675         0.00292        -0.42675
  163                0         0.42675         0.00292        -0.42675
  164                0         0.42675         0.00292        -0.42675
  165                0         0.42675         0.00292        -0.42675
  166                0         0.42675         0.00225        -0.42675
  167                0         0.42675         0.00236        -0.42675
  168                0         0.42675         0.00181        -0.42675
  169                0         0.42675         0.00292        -0.42675
  170                0         0.42675        -0.00060        -0.42675
  171                0         0.42675        -0.00258        -0.42675
  172                0         0.42675         0.00090        -0.42675
  173                0         0.42675         0.00122        -0.42675
  174                0         0.42675         0.00137        -0.42675
  175                0         0.42675         0.00137        -0.42675
  176                0         0.42675         0.00122        -0.42675
  177                0         0.42675         0.00253        -0.42675
  178                0         0.42675         0.00214        -0.42675
  179                0         0.42675         0.00224        -0.42675
  180                0         0.42675        -0.00074        -0.42675
  181                0         0.42675         0.00026        -0.42675
  182                0         0.42675         0.00108        -0.42675
  183                0         0.42675         0.00548        -0.42675
  184                0         0.46262        -0.02458        -0.46262
  185                0         0.46262        -0.02424        -0.46262
  186                0         0.46262        -0.02646        -0.46262
  187                0         0.42746        -0.00359        -0.42746
  188                0         0.42746         0.00038        -0.42746
  189                0         0.42746        -0.00181        -0.42746
  190                0         0.42746        -0.00433        -0.42746
  191                0         0.42746        -0.00162        -0.42746
  192                0         0.42746        -0.00168        -0.42746
  193                0         0.42746        -0.00190        -0.42746
  194                0         0.42746        -0.00422        -0.42746
  195                0         0.42746        -0.00150        -0.42746
  196                0         0.42746         0.00158        -0.42746
  197                0         0.42746         0.00374        -0.42746
  198                0         0.42746         0.00233        -0.42746
  199                0         0.42746        -0.00028        -0.42746
  200                0         0.42746        -0.00081        -0.42746
  201                0         0.41582         0.02675        -0.41582
  202                0         0.41582         0.01232        -0.41582
  203                0         0.41582         0.01649        -0.41582
  204                0         0.41582         0.01523        -0.41582
  205                0         0.41582         0.01568        -0.41582
  206                0         0.44112        -0.01073        -0.44112
  207                0         0.44112        -0.00950        -0.44112
  208                0         0.44112        -0.01610        -0.44112
  209                0         0.44112        -0.00394        -0.44112
  210                0         0.44112        -0.00950        -0.44112
  211                1         0.42508         0.00945         0.57492
  212                1         0.42508         0.00963         0.57492
  213                1         0.42508         0.00563         0.57492
  214                1         0.42508         0.01329         0.57492
  215                1         0.42508         0.00933         0.57492
  216                1         0.42508         0.00907         0.57492
  217                1         0.42889         0.00186         0.57111
  218                1         0.42817         0.01005         0.57183
  219                1         0.42817         0.00605         0.57183
  220                1         0.42817         0.00956         0.57183
  221                1         0.42817         0.00591         0.57183
  222                1         0.42817         0.00646         0.57183
  223                1         0.42817         0.00304         0.57183
  224                1         0.42817         0.00384         0.57183
  225                1         0.42817         0.00277         0.57183
  226                1         0.42817         0.00325         0.57183
  227                1         0.42817         0.00628         0.57183
  228                1         0.42390         0.04202         0.57610
  229                1         0.42900         0.00997         0.57100
  230                1         0.42900         0.00634         0.57100
  231                1         0.44658        -0.00096         0.55342
  232                1         0.44658        -0.01187         0.55342
  233                1         0.44658        -0.01187         0.55342
  234                1         0.44658        -0.01187         0.55342
  235                1         0.44658        -0.00718         0.55342
  236                1         0.42710         0.02476         0.57290
  237                1         0.42710         0.01281         0.57290
  238                1         0.42710         0.02029         0.57290
  239                1         0.42710         0.02029         0.57290
  240                1         0.42710         0.01436         0.57290
  241                1         0.42710         0.02029         0.57290
  242                1         0.42710         0.02045         0.57290
  243                1         0.44670         0.00147         0.55330
  244                1         0.44670         0.00447         0.55330
  245                1         0.44670         0.00642         0.55330
  246                1         0.48149        -0.02524         0.51851
  247                1         0.48149        -0.02452         0.51851
  248                1         0.48149        -0.03081         0.51851
  249                1         0.48149        -0.03166         0.51851
  250                1         0.44633         0.01135         0.55367
  251                1         0.44633         0.00826         0.55367
  252                1         0.44633         0.00588         0.55367
  253                1         0.44633         0.00356         0.55367
  254                1         0.44633         0.00353         0.55367
  255                1         0.44633         0.00519         0.55367
  256                1         0.44633         0.00575         0.55367
  257                1         0.44633         0.00625         0.55367
  258                1         0.44633         0.00647         0.55367
  259                1         0.44633         0.01055         0.55367
  260                1         0.44633         0.00776         0.55367
  261                1         0.44633         0.00906         0.55367
  262                1         0.44633         0.00527         0.55367
  263                1         0.44633         0.00389         0.55367
  264                1         0.44633         0.00373         0.55367
  265                1         0.44633         0.00331         0.55367
  266                1         0.44633         0.00328         0.55367
  267                1         0.44633         0.00328         0.55367
  268                1         0.44633         0.00328         0.55367
  269                1         0.44633         0.00328         0.55367
  270                1         0.44633         0.00330         0.55367
  271                1         0.44633         0.00593         0.55367
  272                1         0.44633         0.00499         0.55367
  273                1         0.44633         0.00647         0.55367
  274                1         0.44633         0.00927         0.55367
  275                1         0.44633         0.00950         0.55367
  276                1         0.44633         0.00748         0.55367
  277                1         0.44633         0.01090         0.55367
  278                1         0.44633         0.00599         0.55367
  279                1         0.44633         0.00656         0.55367
  280                1         0.44633         0.01020         0.55367
  281                1         0.44633         0.01160         0.55367
  282                1         0.44633         0.00706         0.55367
  283                1         0.44633         0.00938         0.55367
  284                1         0.44633         0.01160         0.55367
  285                1         0.46248         0.00097         0.53752
  286                1         0.46248         0.00062         0.53752
  287                1         0.46248         0.00239         0.53752
  288                1         0.46248         0.00223         0.53752
  289                1         0.46248        -0.00151         0.53752
  290                1         0.46248        -0.00299         0.53752
  291                1         0.46248        -0.00537         0.53752
  292                1         0.46248        -0.00090         0.53752
  293                1         0.46248         0.00117         0.53752
  294                1         0.46248         0.00272         0.53752
  295                1         0.46248         0.00107         0.53752
  296                1         0.46248        -0.00329         0.53752
  297                1         0.46248         0.00125         0.53752
  298                1         0.46248         0.00358         0.53752
  299                1         0.46248        -0.00079         0.53752
  300                1         0.46248        -0.00735         0.53752
  301                1         0.46248        -0.00112         0.53752
  302                1         0.46248        -0.00219         0.53752
  303                1         0.46248        -0.00266         0.53752
  304                1         0.46248        -0.01024         0.53752
  305                1         0.46248        -0.00818         0.53752
  306                1         0.46248        -0.00378         0.53752
  307                1         0.46272         0.00091         0.53728
  308                1         0.46272        -0.00899         0.53728
  309                1         0.46272        -0.00654         0.53728
  310                1         0.46272        -0.00735         0.53728
  311                1         0.46272        -0.00296         0.53728
  312                1         0.46272        -0.00139         0.53728
  313                1         0.46272         0.00338         0.53728
  314                1         0.46272        -0.00119         0.53728
  315                1         0.46272         0.00272         0.53728
  316                1         0.46272         0.00201         0.53728
  317                1         0.46272         0.00342         0.53728
  318                1         0.46272         0.00254         0.53728
  319                1         0.46272         0.00206         0.53728
  320                1         0.46272         0.00129         0.53728
  321                1         0.46272         0.00018         0.53728
  322                1         0.46272         0.00227         0.53728
  323                1         0.46272         0.00158         0.53728
  324                1         0.46272         0.00110         0.53728
  325                1         0.46272         0.00110         0.53728
  326                1         0.46272         0.00110         0.53728
  327                1         0.46272        -0.00048         0.53728
  328                1         0.46272        -0.00126         0.53728
  329                1         0.46272        -0.00855         0.53728
  330                1         0.46272        -0.00890         0.53728
  331                1         0.46272        -0.01472         0.53728
  332                1         0.46272        -0.01146         0.53728
  333                1         0.46272        -0.01151         0.53728
  334                1         0.46272        -0.01080         0.53728
  335                1         0.45084         0.01068         0.54916
  336                1         0.45084         0.00967         0.54916
  337                1         0.45084         0.00807         0.54916
  338                1         0.45084         0.00615         0.54916
  339                1         0.45084         0.00432         0.54916
  340                1         0.45084         0.00432         0.54916
  341                1         0.45084         0.00587         0.54916
  342                1         0.45084         0.00869         0.54916
  343                1         0.45084         0.00127         0.54916
  344                1         0.45084         0.00257         0.54916
  345                1         0.45084         0.00382         0.54916
  346                1         0.45084         0.00197         0.54916
  347                1         0.45084         0.00011         0.54916
  348                1         0.45084        -0.00103         0.54916
  349                1         0.45084        -0.00058         0.54916
  350                1         0.45084         0.00026         0.54916
  351                1         0.45084         0.00372         0.54916
  352                1         0.43707         0.01512         0.56293
  353                1         0.43707         0.00983         0.56293
  354                1         0.43707         0.01253         0.56293
  355                1         0.43707         0.01143         0.56293
  356                1         0.43707         0.00967         0.56293
  357                1         0.43707         0.01104         0.56293
  358                1         0.43707         0.01223         0.56293
  359                1         0.43707         0.01123         0.56293
  360                1         0.43707         0.01089         0.56293
  361                1         0.43707         0.01313         0.56293
  362                1         0.43707         0.01552         0.56293
  363                1         0.45488        -0.01314         0.54512
  364                1         0.45488        -0.00809         0.54512
  365                1         0.45488        -0.00696         0.54512
  366                1         0.45488        -0.00897         0.54512
  367                1         0.45488        -0.01145         0.54512
  368                1         0.45488        -0.01448         0.54512
  369                1         0.45488        -0.01414         0.54512
  370                1         0.45488        -0.01123         0.54512
  371                1         0.45488        -0.00998         0.54512
  372                1         0.45488        -0.01189         0.54512
  373                1         0.45488        -0.01017         0.54512
  374                1         0.45488        -0.00845         0.54512
  375                1         0.45145        -0.00241         0.54855
  376                1         0.45145        -0.00039         0.54855
  377                1         0.45145        -0.00091         0.54855
  378                1         0.45145        -0.00176         0.54855
  379                1         0.45145        -0.00228         0.54855
  380                1         0.45145        -0.00153         0.54855
  381                1         0.45145        -0.00212         0.54855
  382                1         0.45145        -0.00126         0.54855
  383                1         0.45145        -0.00105         0.54855
  384                1         0.45145        -0.00153         0.54855
  385                1         0.45145        -0.00254         0.54855
  386                1         0.45145        -0.00234         0.54855
  387                1         0.45145        -0.00040         0.54855
  388                1         0.45145        -0.00204         0.54855
  389                1         0.45145        -0.00084         0.54855
  390                1         0.45145        -0.00053         0.54855
  391                1         0.45145        -0.00111         0.54855
  392                1         0.45145        -0.00063         0.54855
  393                1         0.45145        -0.00010         0.54855
  394                1         0.45145        -0.00081         0.54855
  395                1         0.45145        -0.00105         0.54855
  396                1         0.45145         0.00014         0.54855
  397                1         0.45145        -0.00150         0.54855
  398                1         0.45145        -0.00141         0.54855
  399                1         0.43683         0.01064         0.56317
  400                1         0.43683         0.00828         0.56317
  401                1         0.43683         0.00873         0.56317
  402                1         0.43683         0.00985         0.56317
  403                1         0.43683         0.00635         0.56317
  404                1         0.43683         0.00991         0.56317
  405                1         0.43683         0.00985         0.56317
  406                1         0.43683         0.01364         0.56317
  407                1         0.43683         0.00968         0.56317
  408                1         0.43683         0.00854         0.56317
  409                1         0.43683         0.00870         0.56317
  410                1         0.43683         0.01086         0.56317
  411                1         0.43683         0.01462         0.56317
  412                1         0.43683         0.01492         0.56317
  413                1         0.43683         0.01515         0.56317
  414                1         0.43683         0.01541         0.56317
  415                1         0.43683         0.01492         0.56317
  416                1         0.43683         0.01422         0.56317
  417                1         0.43683         0.01289         0.56317
  418                1         0.43410         0.01999         0.56590
  419                1         0.43410         0.01280         0.56590
  420                1         0.43410         0.01073         0.56590
  421                1         0.43410         0.01430         0.56590
  422                1         0.43410         0.01144         0.56590
  423                1         0.43410         0.01127         0.56590
  424                1         0.43410         0.01144         0.56590
  425                1         0.43410         0.01144         0.56590
  426                1         0.43410         0.01089         0.56590
  427                1         0.43410         0.01073         0.56590
  428                1         0.43410         0.01112         0.56590
  429                1         0.43410         0.01156         0.56590
  430                1         0.43410         0.01112         0.56590
  431                1         0.43410         0.01073         0.56590
  432                1         0.43410         0.01182         0.56590
  433                1         0.43410         0.01518         0.56590
  434                1         0.43410         0.01840         0.56590
  435                1         0.43410         0.01701         0.56590
  436                1         0.43410         0.01543         0.56590
  437                1         0.43410         0.01635         0.56590
  438                1         0.43410         0.01617         0.56590
  439                1         0.43410         0.01592         0.56590
  440                1         0.43410         0.00944         0.56590
  441                1         0.43410         0.01617         0.56590
  442                1         0.43410         0.01648         0.56590
  443                1         0.43410         0.01669         0.56590
  444                1         0.43410         0.01592         0.56590
  445                1         0.43410         0.01592         0.56590
  446                1         0.43410         0.01112         0.56590
  447                1         0.43410         0.01592         0.56590
  448                1         0.43410         0.01636         0.56590
  449                1         0.43410         0.01696         0.56590
  450                1         0.45191        -0.00723         0.54809
  451                1         0.45191        -0.00516         0.54809
  452                1         0.45191        -0.00144         0.54809
  453                1         0.45191        -0.00676         0.54809
  454                1         0.45191        -0.00619         0.54809
  455                1         0.45191        -0.00541         0.54809
  456                1         0.45191        -0.00419         0.54809
  457                1         0.45191        -0.00064         0.54809
  458                1         0.45191         0.00458         0.54809
  459                1         0.45191        -0.00407         0.54809
  460                1         0.45191         0.00165         0.54809
  461                1         0.45703        -0.00062         0.54297
  462                1         0.45703         0.00206         0.54297
  463                1         0.45703         0.00254         0.54297
  464                1         0.45703         0.00254         0.54297
  465                1         0.45703         0.00301         0.54297
  466                1         0.45703         0.00437         0.54297
  467                1         0.45703         0.00409         0.54297
  468                1         0.45703         0.00499         0.54297
  469                1         0.45703         0.00630         0.54297
  470                1         0.45703         0.00558         0.54297
  471                1         0.45703         0.00329         0.54297
  472                1         0.45703         0.00329         0.54297
  473                1         0.45703         0.00329         0.54297
  474                1         0.45703         0.00329         0.54297
  475                1         0.45703        -0.00120         0.54297
  476                1         0.45703         0.00492         0.54297
  477                1         0.45703        -0.00663         0.54297
  478                1         0.45703        -0.00298         0.54297
  479                1         0.45703        -0.00376         0.54297
  480                1         0.45703        -0.00562         0.54297
  481                1         0.45703        -0.00415         0.54297
  482                1         0.45703        -0.00303         0.54297
  483                1         0.45703         0.00323         0.54297
  484                1         0.45703         0.00321         0.54297
  485                1         0.45703         0.00321         0.54297
  486                1         0.45703         0.00421         0.54297
  487                1         0.45703        -0.00326         0.54297
  488                1         0.45703        -0.00326         0.54297
  489                1         0.45703        -0.00326         0.54297
  490                1         0.45703        -0.00326         0.54297
  491                1         0.45703        -0.00094         0.54297
  492                1         0.46831        -0.00852         0.53169
  493                1         0.46831        -0.00937         0.53169
  494                1         0.46831        -0.00443         0.53169
  495                1         0.46831        -0.00462         0.53169
  496                1         0.46831        -0.00651         0.53169
  497                1         0.43339         0.00843         0.56661
  498                1         0.43339         0.00638         0.56661
  499                1         0.43339         0.00365         0.56661
  500                1         0.43339         0.00720         0.56661
  501                1         0.43339         0.00691         0.56661
  502                1         0.43339         0.00365         0.56661
  503                1         0.43339         0.00536         0.56661
  504                1         0.43339         0.00547         0.56661
  505                1         0.43339         0.00559         0.56661
  506                1         0.43339         0.00547         0.56661
  507                1         0.43339         0.00869         0.56661
  508                1         0.43339         0.00691         0.56661
  509                1         0.43339         0.00862         0.56661
  510                1         0.43339         0.00893         0.56661
  511                1         0.43339         0.01187         0.56661
  512                1         0.43339         0.01887         0.56661
  513                1         0.43339         0.02661         0.56661
  514                1         0.43339         0.01780         0.56661
  515                1         0.43339         0.01461         0.56661
  516                1         0.43339         0.00802         0.56661
  517                1         0.43339         0.00879         0.56661
  518                1         0.43339         0.01304         0.56661
  519                1         0.43339         0.00948         0.56661
  520                1         0.43339         0.01156         0.56661
  521                1         0.43339         0.00608         0.56661
  522                1         0.43339         0.00365         0.56661
  523                1         0.43339         0.00365         0.56661
  524                1         0.43339         0.00593         0.56661
  525                1         0.43339         0.00579         0.56661
  526                1         0.43339         0.01086         0.56661
  527                1         0.43339         0.00559         0.56661
  528                1         0.43339         0.01163         0.56661
  529                1         0.43339         0.00573         0.56661
  530                1         0.43339         0.00559         0.56661
  531                1         0.43339         0.00547         0.56661
  532                1         0.43339         0.01224         0.56661
  533                1         0.43339         0.00843         0.56661
  534                1         0.43339         0.01540         0.56661
  535                1         0.44076         0.14585         0.55924
  536                1         0.44076         0.13135         0.55924
  537                1         0.44076         0.04810         0.55924
  538                1         0.44076         0.00356         0.55924
  539                1         0.44076         0.00356         0.55924
  540                1         0.44076         0.00295         0.55924
  541                1         0.44076         0.00602         0.55924
  542                1         0.44076         0.00384         0.55924
  543                1         0.44076         0.00420         0.55924
  544                1         0.44076         0.00385         0.55924
  545                1         0.44076         0.00534         0.55924
  546                1         0.44076         0.00393         0.55924
  547                1         0.44076         0.00808         0.55924
  548                1         0.44076         0.00808         0.55924
  549                1         0.44076         0.00808         0.55924
  550                1         0.44076         0.00808         0.55924
  551                1         0.44076         0.30901         0.55924
  552                1         0.44076         0.23653         0.55924
  553                1         0.44076         0.04056         0.55924
  554                1         0.44076         0.00528         0.55924
  555                1         0.44076         0.00696         0.55924
  556                1         0.44076         0.00619         0.55924
  557                1         0.44076         0.01046         0.55924
  558                1         0.44076         0.00959         0.55924
  559                1         0.44076         0.00905         0.55924
  560                1         0.44076         0.00765         0.55924
  561                1         0.44740         0.00243         0.55260
  562                1         0.44740         0.00370         0.55260
  563                1         0.44740         0.00205         0.55260
  564                1         0.46129        -0.00891         0.53871
  565                1         0.46129        -0.00750         0.53871
  566                1         0.46129        -0.00978         0.53871
  567                1         0.46129         0.12101         0.53871
  568                1         0.46129         0.16302         0.53871
  569                1         0.46129         0.12858         0.53871
  570                1         0.46129         0.13305         0.53871
  571                1         0.46129         0.00092         0.53871
  572                1         0.46129        -0.00294         0.53871
  573                1         0.46129         0.00143         0.53871
  574                1         0.46129        -0.00125         0.53871
  575                1         0.46129         0.15753         0.53871
  576                1         0.46129         0.13453         0.53871
  577                1         0.46129         0.13453         0.53871
  578                1         0.46129        -0.00093         0.53871
  579                1         0.46129         0.11817         0.53871
  580                1         0.46129         0.00105         0.53871
  581                1         0.46129         0.00347         0.53871
  582                1         0.46129         0.00105         0.53871
  583                1         0.46129        -0.00367         0.53871
  584                1         0.46129        -0.00734         0.53871
  585                1         0.46129        -0.00294         0.53871
  586                1         0.46129        -0.00080         0.53871
  587                1         0.46129         0.00034         0.53871
  588                1         0.46129         0.00056         0.53871
  589                1         0.46129         0.00028         0.53871
  590                1         0.46129         0.00183         0.53871
  591                1         0.44777         0.10523         0.55223
  592                1         0.44777         0.01507         0.55223
  593                1         0.44777         0.01665         0.55223
  594                1         0.44777         0.02079         0.55223
  595                1         0.44777         0.01925         0.55223
  596                1         0.44777         0.01910         0.55223
  597                1         0.47235        -0.00259         0.52765
  598                1         0.47235        -0.00408         0.52765
  599                1         0.47235        -0.00426         0.52765
  600                1         0.47235        -0.00608         0.52765
  601                1         0.47235        -0.00574         0.52765
  602                1         0.47235        -0.01227         0.52765
  603                1         0.47235        -0.00196         0.52765
  604                1         0.47235        -0.01720         0.52765
  605                1         0.47235        -0.00835         0.52765
  606                1         0.47235        -0.00652         0.52765
  607                1         0.47235        -0.00854         0.52765
  608                1         0.47235        -0.01152         0.52765
  609                1         0.47235        -0.00950         0.52765
  610                1         0.47235         0.06575         0.52765
  611                1         0.47235        -0.01349         0.52765
  612                1         0.47235        -0.00781         0.52765
  613                1         0.47235        -0.00935         0.52765
  614                1         0.47235        -0.00550         0.52765
  615                1         0.47235        -0.00646         0.52765
  616                1         0.47235        -0.00838         0.52765
  617                1         0.47235        -0.00547         0.52765
  618                1         0.44682         0.04235         0.55318
  619                1         0.44682         0.06533         0.55318
  620                1         0.44682         0.01167         0.55318
  621                1         0.44682         0.01226         0.55318
  622                1         0.44682         0.00740         0.55318
  623                1         0.44682         0.01092         0.55318
  624                1         0.44682         0.07748         0.55318
  625                1         0.44682         0.08280         0.55318
  626                1         0.44682         0.01030         0.55318
  627                1         0.44682         0.06387         0.55318
  628                1         0.44682         0.01132         0.55318
  629                1         0.44682         0.01174         0.55318
  630                1         0.44682         0.00816         0.55318
  631                1         0.43446         0.23172         0.56554
  632                1         0.43446         0.22827         0.56554
  633                1         0.43446         0.08577         0.56554
  634                1         0.43446         0.11184         0.56554
  635                1         0.43446         0.09709         0.56554
  636                1         0.43446         0.09709         0.56554
  637                1         0.43446         0.00476         0.56554
  638                1         0.43446         0.09709         0.56554
  639                1         0.43446         0.09709         0.56554
  640                1         0.43446         0.09302         0.56554
  641                1         0.43446         0.00564         0.56554
  642                1         0.43446         0.00896         0.56554
  643                1         0.43446         0.00993         0.56554
  644                1         0.43446         0.19507         0.56554
  645                1         0.43446         0.24249         0.56554
  646                1         0.43446         0.12242         0.56554
  647                1         0.43446         0.09046         0.56554
  648                1         0.43446         0.08007         0.56554
  649                1         0.43446         0.00890         0.56554
  650                1         0.43446         0.00913         0.56554
  651                1         0.43446         0.38361         0.56554
  652                1         0.43446         0.45800         0.56554
  653                1         0.43446         0.21316         0.56554
  654                1         0.43969         0.05520         0.56031
  655                1         0.43969         0.10382         0.56031
  656                1         0.43969         0.15369         0.56031
  657                1         0.43969         0.13076         0.56031
  658                1         0.40893         0.16965         0.59107
  659                1         0.40893         0.03226         0.59107
  660                1         0.40893         0.02884         0.59107
  661                1         0.40893         0.03210         0.59107
  662                1         0.40893         0.54894         0.59107
  663                1         0.40893         0.09326         0.59107
  664                0         0.44563        -0.33131        -0.44563
  665                0         0.44563        -0.36901        -0.44563
  666                0         0.44563        -0.45884        -0.44563
  667                1         0.44563         0.50769         0.55437
  668                1         0.44563         0.79784         0.55437
  669                0         0.44563        -0.46441        -0.44563
  670                0         0.44563        -0.68955        -0.44563
  671                0         0.44563        -0.79718        -0.44563
  672                1         0.44563         0.18781         0.55437
  673                0         0.41012        -0.23631        -0.41012
  674                0         0.41012        -0.25267        -0.41012
  675                0         0.41012        -0.25071        -0.41012
  676                0         0.41012        -0.42273        -0.41012
  677                0         0.41012        -0.42090        -0.41012
  678                0         0.41012        -0.39214        -0.41012
  679                0         0.41606        -0.20786        -0.41606
  680                0         0.41606        -0.22937        -0.41606
  681                0         0.41606        -0.21064        -0.41606
  682                0         0.41606        -0.71827        -0.41606
  683                0         0.41606        -0.61928        -0.41606
  684                0         0.41606        -0.38097        -0.41606
  685                0         0.42010        -0.09400        -0.42010
  686                0         0.42010        -0.09003        -0.42010
  687                0         0.42010        -0.35060        -0.42010
  688                0         0.42010        -0.42573        -0.42010
  689                0         0.42176        -0.10168        -0.42176
  690                0         0.42176        -0.31666        -0.42176
  691                0         0.42271        -0.12216        -0.42271
  692                0         0.42271        -0.09246        -0.42271
  693                0         0.42271        -0.05737        -0.42271
  694                0         0.42271        -0.05248        -0.42271
  695                0         0.42271        -0.05449        -0.42271
  696                0         0.42271        -0.05449        -0.42271
  697                0         0.42271        -0.05449        -0.42271
  698                0         0.42271        -0.00298        -0.42271
  699                0         0.42271        -0.05449        -0.42271
  700                0         0.42271        -0.05449        -0.42271
  701                0         0.42271        -0.00267        -0.42271
  702                0         0.42271        -0.05449        -0.42271
  703                0         0.42271        -0.05174        -0.42271
  704                0         0.42603        -0.06813        -0.42603
  705                0         0.42603        -0.06707        -0.42603
  706                0         0.42603        -0.07997        -0.42603
  707                0         0.42603        -0.07997        -0.42603
  708                0         0.42699        -0.00158        -0.42699
  709                0         0.42699        -0.00218        -0.42699
  710                0         0.42699        -0.00376        -0.42699
  711                0         0.42699        -0.00420        -0.42699
  712                0         0.42699        -0.00403        -0.42699
  713                0         0.42699        -0.00128        -0.42699
  714                0         0.42699        -0.00103        -0.42699
  715                0         0.42699        -0.00016        -0.42699
  716                0         0.42699         0.00152        -0.42699
  717                0         0.42699         0.00121        -0.42699
  718                0         0.42699        -0.00200        -0.42699
  719                0         0.42318         0.01219        -0.42318
  720                0         0.42318         0.01512        -0.42318
  721                0         0.42391        -0.00097        -0.42391
  722                0         0.42391        -0.00093        -0.42391
  723                0         0.42391        -0.00089        -0.42391
  724                0         0.42391         0.00097        -0.42391
  725                0         0.42391        -0.00174        -0.42391
  726                0         0.42391         0.00068        -0.42391
  727                0         0.42391        -0.00191        -0.42391
  728                0         0.42391        -0.00180        -0.42391
  729                0         0.42391        -0.00202        -0.42391
  730                0         0.42391         0.00096        -0.42391
  731                0         0.42391        -0.00223        -0.42391
  732                0         0.42391        -0.00170        -0.42391
  733                0         0.42391        -0.00254        -0.42391
  734                0         0.42391        -0.00201        -0.42391
  735                0         0.42391        -0.00237        -0.42391
  736                0         0.42391         0.00173        -0.42391
  737                0         0.42391         0.00168        -0.42391
  738                0         0.42391        -0.00058        -0.42391
  739                0         0.42391        -0.00226        -0.42391
  740                0         0.42391         0.00245        -0.42391
  741                0         0.42815        -0.00407        -0.42815
  742                0         0.42815        -0.00351        -0.42815
  743                0         0.42815        -0.00418        -0.42815
  744                0         0.42815        -0.00418        -0.42815
  745                0         0.42815        -0.00400        -0.42815
  746                0         0.42815        -0.00335        -0.42815
  747                0         0.42815        -0.00335        -0.42815
  748                0         0.42815        -0.00321        -0.42815
  749                0         0.42815        -0.00346        -0.42815
  750                0         0.42832        -0.00433        -0.42832
  751                0         0.42305         0.00085        -0.42305
  752                0         0.42863        -0.00302        -0.42863
  753                0         0.42863         0.00014        -0.42863
  754                0         0.42733        -0.00000        -0.42733
  755                0         0.42733        -0.00314        -0.42733
  756                0         0.42733        -0.00385        -0.42733
  757                0         0.42733        -0.00363        -0.42733
  758                0         0.42733        -0.00374        -0.42733
  759                0         0.42758        -0.00035        -0.42758
  760                0         0.42758        -0.00180        -0.42758
  761                0         0.42758        -0.00300        -0.42758
  762                0         0.42758        -0.00300        -0.42758
  763                0         0.42758        -0.00171        -0.42758
  764                0         0.42758        -0.00176        -0.42758
  765                0         0.42758        -0.00275        -0.42758
  766                0         0.42758        -0.00275        -0.42758
  767                0         0.42758        -0.00111        -0.42758
  768                0         0.42758         0.00060        -0.42758
  769                0         0.42758        -0.00146        -0.42758
  770                0         0.42758         0.00020        -0.42758
  771                0         0.42758        -0.00070        -0.42758
  772                0         0.42758        -0.00121        -0.42758
  773                0         0.42758        -0.00137        -0.42758
  774                0         0.42758        -0.00270        -0.42758
  775                0         0.42758        -0.00290        -0.42758
  776                0         0.42758        -0.00271        -0.42758
  777                0         0.42758        -0.00291        -0.42758
  778                0         0.42794        -0.00660        -0.42794
  779                0         0.42327        -0.00203        -0.42327
  780                0         0.42327        -0.00208        -0.42327
  781                0         0.42327        -0.00190        -0.42327
  782                0         0.42327        -0.00058        -0.42327
  783                0         0.42327        -0.00119        -0.42327
  784                0         0.42327        -0.00171        -0.42327
  785                0         0.42327        -0.00161        -0.42327
  786                0         0.42327        -0.00054        -0.42327
  787                0         0.42327        -0.00210        -0.42327
  788                0         0.42327        -0.00272        -0.42327
  789                0         0.42327        -0.00272        -0.42327
  790                0         0.42327        -0.00272        -0.42327
  791                0         0.42327        -0.00272        -0.42327
  792                0         0.42327        -0.00272        -0.42327
  793                0         0.42327        -0.00237        -0.42327
  794                0         0.42327        -0.00239        -0.42327
  795                0         0.42327        -0.00211        -0.42327
  796                0         0.42327        -0.00201        -0.42327
  797                0         0.42327        -0.00222        -0.42327
  798                0         0.42327        -0.00231        -0.42327
  799                0         0.42327        -0.00226        -0.42327
  800                0         0.42327        -0.00235        -0.42327
  801                0         0.42327        -0.00222        -0.42327
  802                0         0.42327        -0.00240        -0.42327
  803                0         0.42327        -0.00244        -0.42327
  804                0         0.42327        -0.00239        -0.42327
  805                0         0.42327        -0.00272        -0.42327
  806                0         0.42327        -0.00259        -0.42327
  807                0         0.42327        -0.00211        -0.42327
  808                0         0.42889        -0.00567        -0.42889
  809                0         0.42757        -0.00443        -0.42757
  810                0         0.42757        -0.06765        -0.42757
  811                0         0.42757        -0.00571        -0.42757
  812                0         0.42419        -0.00213        -0.42419
  813                0         0.42419        -0.00213        -0.42419
  814                0         0.42419        -0.00242        -0.42419
  815                0         0.42419        -0.00239        -0.42419
  816                0         0.42419        -0.00242        -0.42419
  817                0         0.42419        -0.00287        -0.42419
  818                0         0.42419        -0.00257        -0.42419
  819                0         0.42419        -0.00256        -0.42419
  820                0         0.42419        -0.00287        -0.42419
  821                0         0.42419        -0.00283        -0.42419
  822                0         0.42888        -0.00512        -0.42888
  823                0         0.42888        -0.08506        -0.42888
  824                0         0.42868         0.00461        -0.42868
  825                0         0.42868         0.00348        -0.42868
  826                0         0.42868        -0.00164        -0.42868
  827                0         0.45076        -0.00954        -0.45076
  828                0         0.45076        -0.00739        -0.45076
  829                0         0.45076        -0.02219        -0.45076
  830                0         0.45076        -0.01090        -0.45076
  831                0         0.45076        -0.00801        -0.45076
  832                0         0.45076        -0.00651        -0.45076
  833                0         0.45076        -0.00838        -0.45076
  834                0         0.45076        -0.00747        -0.45076
  835                0         0.45076        -0.00539        -0.45076
  836                0         0.45076        -0.00518        -0.45076
  837                0         0.45076        -0.00509        -0.45076
  838                0         0.45076        -0.00290        -0.45076
  839                0         0.45076        -0.00290        -0.45076
  840                0         0.45076        -0.00290        -0.45076
  841                0         0.45076        -0.00290        -0.45076
  842                0         0.45076        -0.00290        -0.45076
  843                0         0.45076        -0.00493        -0.45076
  844                0         0.45076        -0.00501        -0.45076
  845                0         0.45076        -0.00290        -0.45076
  846                0         0.45076        -0.00290        -0.45076
  847                0         0.45076        -0.00290        -0.45076
  848                0         0.45076        -0.00518        -0.45076
  849                0         0.45076        -0.00290        -0.45076
  850                0         0.45076        -0.00528        -0.45076
  851                0         0.45076        -0.00290        -0.45076
  852                0         0.45076        -0.00528        -0.45076
  853                0         0.45076        -0.00551        -0.45076
  854                0         0.45076        -0.00551        -0.45076
  855                0         0.45076        -0.00551        -0.45076
  856                0         0.45076        -0.00579        -0.45076
  857                0         0.45076        -0.00579        -0.45076
  858                1         0.42889         0.00271         0.57111
  859                1         0.42889         0.00237         0.57111
  860                1         0.42889         0.00286         0.57111
  861                1         0.42247         0.00972         0.57753
  862                1         0.42889         0.00221         0.57111
  863                1         0.42794         0.00582         0.57206
  864                1         0.42794         0.00778         0.57206
  865                1         0.42794         0.00871         0.57206
  866                1         0.42865         0.00784         0.57135
  867                1         0.41534         0.02148         0.58466
  868                1         0.41534         0.02148         0.58466
  869                1         0.41534         0.02148         0.58466
  870                1         0.41534         0.02148         0.58466
  871                1         0.41534         0.02148         0.58466
  872                1         0.41534         0.02148         0.58466
  873                1         0.41534         0.02174         0.58466
  874                1         0.41534         0.02386         0.58466
  875                1         0.44575        -0.00377         0.55425
  876                1         0.44575        -0.00127         0.55425
  877                1         0.44575        -0.00101         0.55425
  878                1         0.44575        -0.00040         0.55425
  879                1         0.44575        -0.00040         0.55425
  880                1         0.44575         0.00042         0.55425
  881                1         0.44575         0.00021         0.55425
  882                1         0.44575        -0.00285         0.55425
  883                1         0.44575        -0.00351         0.55425
  884                1         0.44575        -0.00493         0.55425
  885                1         0.44575        -0.00897         0.55425
  886                1         0.44575        -0.00915         0.55425
  887                1         0.44575        -0.01036         0.55425
  888                1         0.44575        -0.01036         0.55425
  889                1         0.44575        -0.01105         0.55425
  890                1         0.44575        -0.01105         0.55425
  891                1         0.44575        -0.01036         0.55425
  892                1         0.44575        -0.00926         0.55425
  893                1         0.44575        -0.00868         0.55425
  894                1         0.44575        -0.00778         0.55425
  895                1         0.44575         0.00042         0.55425
  896                1         0.44575        -0.00813         0.55425
  897                1         0.44575         0.00020         0.55425
  898                1         0.44575         0.00036         0.55425
  899                1         0.44575        -0.00633         0.55425
  900                1         0.44575        -0.00962         0.55425
  901                1         0.44575        -0.00221         0.55425
  902                1         0.44575        -0.00477         0.55425
  903                1         0.44575        -0.00246         0.55425
  904                1         0.44575         0.00226         0.55425
  905                1         0.44575        -0.00246         0.55425
  906                1         0.42544         0.01406         0.57456
  907                1         0.42889         0.00589         0.57111
  908                1         0.42604         0.01192         0.57396
  909                1         0.42604         0.00884         0.57396
  910                1         0.42604         0.01157         0.57396
  911                1         0.42889         0.00882         0.57111
  912                1         0.42889         0.00669         0.57111
  913                1         0.42770         0.01087         0.57230
  914                1         0.42889         0.00230         0.57111
  915                1         0.42722         0.00584         0.57278
  916                1         0.42200         0.01164         0.57800
  917                1         0.42200         0.01614         0.57800
  918                1         0.42889         0.00546         0.57111
  919                1         0.42889         0.00546         0.57111
  920                1         0.42889         0.00546         0.57111
  921                1         0.42889         0.00546         0.57111
  922                1         0.42889         0.00698         0.57111
  923                1         0.42889         0.00830         0.57111
  924                1         0.42889         0.01239         0.57111
  925                1         0.44954         0.00354         0.55046
  926                1         0.44954         0.00354         0.55046
  927                1         0.44954         0.00354         0.55046
  928                1         0.44954         0.00354         0.55046
  929                1         0.44954         0.00714         0.55046
  930                1         0.44954         0.00993         0.55046
  931                1         0.44954         0.00745         0.55046
  932                1         0.44954         0.00521         0.55046
  933                1         0.44954         0.00521         0.55046
  934                1         0.44954         0.00513         0.55046
  935                1         0.44954         0.00400         0.55046
  936                1         0.44954         0.00417         0.55046
  937                1         0.44954         0.00417         0.55046
  938                1         0.44954         0.00460         0.55046
  939                1         0.44954         0.00521         0.55046
  940                1         0.44954         0.00417         0.55046
  941                1         0.44954         0.00417         0.55046
  942                1         0.44954         0.00664         0.55046
  943                1         0.44954         0.00394         0.55046
  944                1         0.44954         0.00354         0.55046
  945                1         0.44954         0.00777         0.55046
  946                1         0.44954         0.00682         0.55046
  947                1         0.44954         0.00654         0.55046
  948                1         0.44954         0.00394         0.55046
  949                1         0.44954         0.01595         0.55046
  950                1         0.44954         0.01413         0.55046
  951                1         0.44954         0.01153         0.55046
  952                1         0.44954         0.00907         0.55046
  953                1         0.44954         0.00522         0.55046
  954                1         0.44954         0.00419         0.55046
  955                1         0.44954         0.00437         0.55046
  956                1         0.44954         0.00354         0.55046
  957                1         0.44954         0.00354         0.55046
  958                1         0.44954         0.00430         0.55046
  959                1         0.44954         0.00354         0.55046
  960                1         0.44954         0.00404         0.55046
  961                1         0.44954         0.00421         0.55046
  962                1         0.44954         0.00200         0.55046
  963                1         0.44954         0.00430         0.55046
  964                1         0.44954         0.00396         0.55046
  965                1         0.44954         0.00403         0.55046
  966                1         0.44954         0.00354         0.55046
  967                1         0.44954         0.00817         0.55046
  968                1         0.44954         0.00354         0.55046
  969                1         0.44954         0.00354         0.55046
  970                1         0.44954         0.00354         0.55046
  971                1         0.44954         0.00582         0.55046
  972                1         0.44954         0.00723         0.55046
  973                1         0.44954         0.00993         0.55046
  974                1         0.45833        -0.00572         0.54167
  975                1         0.45833        -0.00534         0.54167
  976                1         0.45833        -0.00186         0.54167
  977                1         0.45833        -0.00031         0.54167
  978                1         0.45833        -0.00680         0.54167
  979                1         0.45833         0.00549         0.54167
  980                1         0.45833         0.00351         0.54167
  981                1         0.45833        -0.00689         0.54167
  982                1         0.45833         0.00351         0.54167
  983                1         0.45833         0.00351         0.54167
  984                1         0.45833         0.00351         0.54167
  985                1         0.45833         0.00351         0.54167
  986                1         0.45833         0.00635         0.54167
  987                1         0.45833         0.00351         0.54167
  988                1         0.45833         0.00049         0.54167
  989                1         0.45833         0.00049         0.54167
  990                1         0.45833        -0.00710         0.54167
  991                1         0.45833         0.00351         0.54167
  992                1         0.45833         0.00350         0.54167
  993                1         0.45833         0.00687         0.54167
  994                1         0.45833         0.00466         0.54167
  995                1         0.45833         0.00475         0.54167
  996                1         0.45833         0.00863         0.54167
  997                1         0.45833         0.00595         0.54167
  998                1         0.45833         0.00385         0.54167
  999                1         0.45833         0.00672         0.54167
 1000                1         0.45833        -0.00707         0.54167
 1001                1         0.45833        -0.00596         0.54167
 1002                1         0.45833         0.00466         0.54167
 1003                1         0.45833         0.00475         0.54167
 1004                1         0.47365        -0.01258         0.52635
 1005                1         0.47365        -0.01617         0.52635
 1006                1         0.47365        -0.01478         0.52635
 1007                1         0.47365        -0.01563         0.52635
 1008                1         0.47365        -0.01480         0.52635
 1009                1         0.47365        -0.01315         0.52635
 1010                1         0.47365        -0.00215         0.52635
 1011                1         0.47365        -0.01361         0.52635
 1012                1         0.47365        -0.01602         0.52635
 1013                1         0.47365        -0.01158         0.52635
 1014                1         0.47365        -0.00779         0.52635
 1015                1         0.47365        -0.01478         0.52635
 1016                1         0.47365        -0.00814         0.52635
 1017                1         0.47365        -0.00363         0.52635
 1018                1         0.47365        -0.00096         0.52635
 1019                1         0.47365        -0.00785         0.52635
 1020                1         0.47365        -0.00371         0.52635
 1021                1         0.47365        -0.01369         0.52635
 1022                1         0.45715        -0.00274         0.54285
 1023                1         0.45715        -0.00451         0.54285
 1024                1         0.42271         0.03066         0.57729
 1025                1         0.42271         0.03066         0.57729
 1026                1         0.42271         0.03066         0.57729
 1027                1         0.42271         0.03066         0.57729
 1028                1         0.42342         0.02993         0.57658
 1029                1         0.42342         0.02421         0.57658
 1030                1         0.42342         0.02993         0.57658
 1031                1         0.42889         0.02435         0.57111
 1032                1         0.44325         0.00227         0.55675
 1033                1         0.42699         0.02017         0.57301
 1034                1         0.41653         0.03225         0.58347
 1035                1         0.42651         0.02203         0.57349
 1036                1         0.42651         0.02821         0.57349
 1037                1         0.45881        -0.00351         0.54119
 1038                1         0.45881        -0.00819         0.54119
 1039                1         0.45881        -0.00971         0.54119
 1040                1         0.45881        -0.00999         0.54119
 1041                1         0.45881        -0.01103         0.54119
 1042                1         0.45881        -0.00572         0.54119
 1043                1         0.45881        -0.00638         0.54119
 1044                1         0.45881        -0.01103         0.54119
 1045                1         0.45881        -0.01103         0.54119
 1046                1         0.45881        -0.01103         0.54119
 1047                1         0.45881        -0.00638         0.54119
 1048                1         0.45833        -0.00464         0.54167
 1049                1         0.45833        -0.00302         0.54167
 1050                1         0.45833        -0.00111         0.54167
 1051                1         0.45833         0.00068         0.54167
 1052                1         0.45833         0.00161         0.54167
 1053                1         0.45833         0.00150         0.54167
 1054                1         0.45833         0.00136         0.54167
 1055                1         0.45833         0.00094         0.54167
 1056                1         0.45833         0.00070         0.54167
 1057                1         0.45833         0.00039         0.54167
 1058                1         0.45833         0.00039         0.54167
 1059                1         0.45833         0.00039         0.54167
 1060                1         0.45833         0.00005         0.54167
 1061                1         0.45833         0.00039         0.54167
 1062                1         0.45833        -0.00013         0.54167
 1063                1         0.45833        -0.00174         0.54167
 1064                1         0.45833        -0.00717         0.54167
 1065                1         0.45833         0.00150         0.54167
 1066                1         0.45833         0.00085         0.54167
 1067                1         0.47091        -0.01717         0.52909
 1068                1         0.42845         0.00386         0.57155
 1069                1         0.42845         0.00368         0.57155
 1070                1         0.42845         0.00386         0.57155
 1071                1         0.42845         0.00386         0.57155
 1072                1         0.42845         0.00315         0.57155
 1073                1         0.42889         0.00260         0.57111
 1074                1         0.42889         0.00252         0.57111
 1075                1         0.42845         0.00168         0.57155
 1076                1         0.42642         0.00354         0.57358
 1077                1         0.42642         0.00810         0.57358
 1078                1         0.42642         0.00381         0.57358
 1079                1         0.42642         0.00369         0.57358
 1080                1         0.42642         0.00369         0.57358
 1081                1         0.42642         0.00369         0.57358
 1082                1         0.42642         0.00379         0.57358
 1083                1         0.42642         0.00369         0.57358
 1084                1         0.42642         0.00369         0.57358
 1085                1         0.42642         0.00406         0.57358
 1086                1         0.42642         0.00377         0.57358
 1087                1         0.42642         0.00377         0.57358
 1088                1         0.42642         0.00369         0.57358
 1089                1         0.42642         0.00369         0.57358
 1090                1         0.42642         0.00388         0.57358
 1091                1         0.42642         0.00369         0.57358
 1092                1         0.42642         0.00396         0.57358
 1093                1         0.42642         0.00369         0.57358
 1094                1         0.42642         0.00410         0.57358
 1095                1         0.42642         0.00434         0.57358
 1096                1         0.42642         0.00427         0.57358
 1097                1         0.42642         0.00375         0.57358
 1098                1         0.42642         0.00302         0.57358
 1099                1         0.42678         0.00684         0.57322
 1100                1         0.42669         0.00415         0.57331
 1101                1         0.42669         0.00369         0.57331
 1102                1         0.42669         0.00369         0.57331
 1103                1         0.42669         0.00436         0.57331
 1104                1         0.42669         0.00439         0.57331
 1105                1         0.42669         0.00415         0.57331
 1106                1         0.42804         0.00372         0.57196
 1107                1         0.42804         0.00372         0.57196
 1108                1         0.42804         0.00356         0.57196
 1109                1         0.42804         0.00348         0.57196
 1110                1         0.42804         0.00350         0.57196
 1111                1         0.42804         0.00320         0.57196
 1112                1         0.42804         0.00321         0.57196
 1113                1         0.42804         0.00335         0.57196
 1114                1         0.42804         0.00301         0.57196
 1115                1         0.42804         0.00339         0.57196
 1116                1         0.42881         0.00569         0.57119
 1117                1         0.42863         0.00647         0.57137
 1118                1         0.42863         0.00932         0.57137
 1119                1         0.42856         0.00281         0.57144
 1120                1         0.42856         0.00279         0.57144
 1121                1         0.42856         0.00273         0.57144
 1122                1         0.42856         0.00291         0.57144
 1123                1         0.42670         0.00449         0.57330
 1124                1         0.42670         0.00414         0.57330
 1125                1         0.42670         0.00432         0.57330
 1126                1         0.42670         0.00454         0.57330
 1127                1         0.42575         0.00481         0.57425
 1128                1         0.42575         0.00561         0.57425
 1129                1         0.42575         0.00578         0.57425
 1130                1         0.42575         0.00533         0.57425
 1131                1         0.42575         0.00545         0.57425
 1132                1         0.42889         0.00327         0.57111
 1133                1         0.42889         0.00337         0.57111
 1134                1         0.42889         0.00287         0.57111
 1135                1         0.42889         0.00237         0.57111
 1136                1         0.42889         0.00242         0.57111
 1137                1         0.42889         0.00271         0.57111
 1138                1         0.42889         0.00248         0.57111
 1139                1         0.42889         0.00298         0.57111
 1140                1         0.42889         0.00303         0.57111
 1141                1         0.42879         0.00282         0.57121
 1142                1         0.42879         0.00324         0.57121
 1143                1         0.42879         0.00530         0.57121
 1144                1         0.42879         0.00320         0.57121
 1145                1         0.42867         0.00512         0.57133
 1146                1         0.42889         0.00294         0.57111
 1147                1         0.42879         0.00272         0.57121
 1148                1         0.42879         0.00271         0.57121
 1149                1         0.42879         0.00269         0.57121
 1150                1         0.42711         0.00439         0.57289
 1151                1         0.42711         0.00424         0.57289
 1152                1         0.42711         0.00437         0.57289
 1153                1         0.42711         0.00437         0.57289
 1154                1         0.42711         0.00437         0.57289
 1155                1         0.42711         0.00446         0.57289
 1156                1         0.42711         0.00437         0.57289
 1157                1         0.42783         0.00375         0.57217
 1158                1         0.42783         0.00356         0.57217
 1159                1         0.42783         0.00365         0.57217
 1160                1         0.42783         0.00359         0.57217
 1161                1         0.42783         0.00360         0.57217
 1162                1         0.42783         0.00408         0.57217
 1163                1         0.42783         0.00364         0.57217
 1164                1         0.42783         0.00408         0.57217
 1165                1         0.42783         0.00334         0.57217
 1166                1         0.42856         0.00351         0.57144
 1167                1         0.42856         0.00367         0.57144
 1168                1         0.42856         0.00351         0.57144
 1169                1         0.42874         0.00352         0.57126
 1170                1         0.42874         0.00458         0.57126
 1171                1         0.42847         0.00352         0.57153
 1172                1         0.42847         0.00358         0.57153
 1173                1         0.42825         0.00381         0.57175
 1174                1         0.42825         0.00376         0.57175
 1175                1         0.42825         0.00379         0.57175
 1176                1         0.42825         0.00381         0.57175
 1177                1         0.42825         0.00380         0.57175
 1178                1         0.42825         0.00387         0.57175
 1179                1         0.42825         0.00382         0.57175
 1180                1         0.42825         0.00383         0.57175
 1181                1         0.42825         0.00385         0.57175
 1182                1         0.42825         0.00381         0.57175
 1183                1         0.42825         0.00367         0.57175
 1184                1         0.42825         0.00390         0.57175
 1185                1         0.42886         0.00321         0.57114
 1186                1         0.42886         0.00323         0.57114
 1187                1         0.42886         0.00327         0.57114
 1188                1         0.42876         0.00325         0.57124
 1189                1         0.42876         0.00344         0.57124
 1190                1         0.42876         0.00348         0.57124
 1191                1         0.42876         0.00348         0.57124
 1192                1         0.42876         0.00311         0.57124
 1193                1         0.42873         0.00307         0.57127
 1194                1         0.42722         0.00415         0.57278
 1195                1         0.42722         0.00413         0.57278
 1196                1         0.42722         0.00410         0.57278
 1197                1         0.42722         0.00407         0.57278
 1198                1         0.42722         0.00409         0.57278
 1199                1         0.42722         0.01423         0.57278
 1200                1         0.42722         0.00406         0.57278
 1201                1         0.42722         0.00406         0.57278
 1202                1         0.42722         0.00406         0.57278
 1203                1         0.42722         0.00488         0.57278
 1204                1         0.42722         0.00449         0.57278
 1205                1         0.42722         0.00433         0.57278
 1206                1         0.42722         0.00442         0.57278
 1207                1         0.42722         0.00424         0.57278
 1208                1         0.42815         0.02405         0.57185
 1209                1         0.42815         0.01464         0.57185
 1210                1         0.42815         0.01368         0.57185
 1211                1         0.42815         0.00314         0.57185
 1212                1         0.42815         0.00317         0.57185
 1213                1         0.42889         0.00319         0.57111
 1214                1         0.42823         0.00402         0.57177
 1215                1         0.42823         0.00404         0.57177
 1216                1         0.42823         0.00394         0.57177
 1217                1         0.42823         0.00403         0.57177
============================== END OF REPORT ================================

