>>01/28/21 20:52:00
REGRESSION
----------
SUMMARY OF OUTPUT: ORDINARY LEAST SQUARES ESTIMATION
Data set            :  OCUP_BR104_DATASET_01
Dependent Variable  :   Ocup_2010  Number of Observations: 1237
Mean dependent var  :    0.653193  Number of Variables   :    5
S.D. dependent var  :    0.475954  Degrees of Freedom    : 1232 

R-squared           :    0.516136  F-statistic           :     328.542
Adjusted R-squared  :    0.514565  Prob(F-statistic)     :           0
Sum squared residual:     135.588  Log likelihood        :    -387.835
Sigma-square        :    0.110056  Akaike info criterion :     785.669
S.E. of regression  :    0.331746  Schwarz criterion     :     811.271
Sigma-square ML     :    0.109611
S.E of regression ML:    0.331075

-----------------------------------------------------------------------------
       Variable      Coefficient      Std.Error    t-Statistic   Probability
-----------------------------------------------------------------------------
          CONSTANT       1.37266      0.0901245        15.2307     0.00000
        IVS_INF_10      -3.30845       0.282032       -11.7308     0.00000
        IVS_REN_10       6.63804       0.211779        31.3442     0.00000
        IVS_CPH_10      -6.31207         0.2299       -27.4557     0.00000
         URB_RURAL       0.34604      0.0242254        14.2842     0.00000
-----------------------------------------------------------------------------

REGRESSION DIAGNOSTICS  
MULTICOLLINEARITY CONDITION NUMBER   33.918843
TEST ON NORMALITY OF ERRORS
TEST                  DF           VALUE             PROB
Jarque-Bera            2           153.0930          0.00000

DIAGNOSTICS FOR HETEROSKEDASTICITY  
RANDOM COEFFICIENTS
TEST                  DF           VALUE             PROB
Breusch-Pagan test     4           132.7840          0.00000
Koenker-Bassett test   4           125.2049          0.00000
SPECIFICATION ROBUST TEST
TEST                  DF           VALUE             PROB
White                 14            N/A            N/A

COEFFICIENTS VARIANCE MATRIX
   CONSTANT  IVS_INF_10  IVS_REN_10  IVS_CPH_10   URB_RURAL 
   0.008122    0.003029    0.000545   -0.016460   -0.000255 
   0.003029    0.079542   -0.042282    0.002882    0.001893 
   0.000545   -0.042282    0.044850   -0.025327    0.000078 
  -0.016460    0.002882   -0.025327    0.052854   -0.000970 
  -0.000255    0.001893    0.000078   -0.000970    0.000587 


  OBS       Ocup_2010        PREDICTED        RESIDUAL
    1          0.00000         0.44562        -0.44562
    2          0.00000         0.44562        -0.44562
    3          0.00000         0.44562        -0.44562
    4          0.00000         0.44562        -0.44562
    5          0.00000         0.44562        -0.44562
    6          0.00000         0.44562        -0.44562
    7          0.00000         0.44562        -0.44562
    8          0.00000         0.44562        -0.44562
    9          0.00000         0.44562        -0.44562
   10          0.00000         0.44562        -0.44562
   11          0.00000         0.44562        -0.44562
   12          0.00000         0.44562        -0.44562
   13          0.00000         0.44562        -0.44562
   14          0.00000         0.44562        -0.44562
   15          0.00000         0.44562        -0.44562
   16          0.00000         0.44562        -0.44562
   17          0.00000         0.44562        -0.44562
   18          0.00000         0.44562        -0.44562
   19          0.00000         0.44562        -0.44562
   20          0.00000         0.10829        -0.10829
   21          0.00000         0.10829        -0.10829
   22          0.00000         0.10829        -0.10829
   23          0.00000         0.10829        -0.10829
   24          0.00000         0.10829        -0.10829
   25          0.00000         0.10829        -0.10829
   26          0.00000         0.44562        -0.44562
   27          0.00000         0.44562        -0.44562
   28          0.00000         0.44562        -0.44562
   29          0.00000         0.10829        -0.10829
   30          0.00000         0.10829        -0.10829
   31          0.00000         0.10829        -0.10829
   32          0.00000         0.10829        -0.10829
   33          0.00000         0.10829        -0.10829
   34          0.00000         0.10829        -0.10829
   35          0.00000         0.10829        -0.10829
   36          0.00000         0.10829        -0.10829
   37          0.00000         0.10829        -0.10829
   38          0.00000         0.10829        -0.10829
   39          0.00000         0.10829        -0.10829
   40          0.00000         0.10829        -0.10829
   41          0.00000         0.10829        -0.10829
   42          0.00000         0.10829        -0.10829
   43          0.00000         0.10829        -0.10829
   44          0.00000         0.10829        -0.10829
   45          0.00000         0.10829        -0.10829
   46          0.00000         0.10829        -0.10829
   47          0.00000         0.10829        -0.10829
   48          0.00000         0.10829        -0.10829
   49          0.00000         0.10829        -0.10829
   50          0.00000         0.10829        -0.10829
   51          0.00000         0.10829        -0.10829
   52          0.00000         0.10829        -0.10829
   53          0.00000         0.10829        -0.10829
   54          0.00000         0.10829        -0.10829
   55          0.00000         0.10829        -0.10829
   56          0.00000         0.10829        -0.10829
   57          0.00000         0.10829        -0.10829
   58          0.00000         0.10829        -0.10829
   59          0.00000         0.10829        -0.10829
   60          0.00000         0.10829        -0.10829
   61          0.00000         0.10829        -0.10829
   62          0.00000         0.10829        -0.10829
   63          0.00000         0.10829        -0.10829
   64          0.00000         0.10829        -0.10829
   65          0.00000         0.10829        -0.10829
   66          0.00000         0.10829        -0.10829
   67          0.00000         0.10829        -0.10829
   68          0.00000         0.10829        -0.10829
   69          0.00000         0.10829        -0.10829
   70          0.00000         0.10829        -0.10829
   71          0.00000         0.10829        -0.10829
   72          0.00000         0.10829        -0.10829
   73          0.00000         0.10829        -0.10829
   74          0.00000         0.10829        -0.10829
   75          0.00000         0.10829        -0.10829
   76          0.00000         0.10829        -0.10829
   77          0.00000         0.10829        -0.10829
   78          0.00000         0.10829        -0.10829
   79          0.00000         0.10829        -0.10829
   80          0.00000         0.10829        -0.10829
   81          0.00000         0.10829        -0.10829
   82          0.00000         0.10829        -0.10829
   83          0.00000         0.10829        -0.10829
   84          0.00000         0.10829        -0.10829
   85          0.00000         0.10829        -0.10829
   86          0.00000         0.10829        -0.10829
   87          0.00000         0.10829        -0.10829
   88          0.00000         0.10829        -0.10829
   89          0.00000         0.10829        -0.10829
   90          0.00000         0.10829        -0.10829
   91          0.00000         0.10829        -0.10829
   92          0.00000         0.10829        -0.10829
   93          0.00000         0.10829        -0.10829
   94          0.00000         0.10829        -0.10829
   95          0.00000         0.10829        -0.10829
   96          0.00000         0.10829        -0.10829
   97          0.00000         0.10829        -0.10829
   98          0.00000         0.10829        -0.10829
   99          0.00000         0.10829        -0.10829
  100          0.00000         0.10829        -0.10829
  101          0.00000         0.10829        -0.10829
  102          0.00000         0.10829        -0.10829
  103          0.00000         0.10829        -0.10829
  104          0.00000         0.10829        -0.10829
  105          0.00000         0.10829        -0.10829
  106          0.00000         0.10829        -0.10829
  107          0.00000         0.10829        -0.10829
  108          0.00000         0.10829        -0.10829
  109          0.00000         0.10829        -0.10829
  110          0.00000         0.10829        -0.10829
  111          0.00000         0.10829        -0.10829
  112          0.00000         0.10829        -0.10829
  113          0.00000         0.10829        -0.10829
  114          0.00000         0.10829        -0.10829
  115          0.00000         0.10829        -0.10829
  116          0.00000         0.10829        -0.10829
  117          0.00000         0.10829        -0.10829
  118          0.00000         0.10829        -0.10829
  119          0.00000         0.10829        -0.10829
  120          0.00000         0.10829        -0.10829
  121          0.00000         0.10829        -0.10829
  122          0.00000         0.10829        -0.10829
  123          0.00000         0.10829        -0.10829
  124          0.00000         0.10829        -0.10829
  125          0.00000         0.10829        -0.10829
  126          0.00000         0.10829        -0.10829
  127          0.00000         0.10829        -0.10829
  128          0.00000         0.10829        -0.10829
  129          0.00000         0.10829        -0.10829
  130          0.00000         0.10829        -0.10829
  131          0.00000         0.10829        -0.10829
  132          0.00000         0.10829        -0.10829
  133          0.00000         0.10829        -0.10829
  134          0.00000         0.10829        -0.10829
  135          0.00000         0.10829        -0.10829
  136          0.00000         0.10829        -0.10829
  137          0.00000         0.10829        -0.10829
  138          0.00000         0.10829        -0.10829
  139          0.00000         0.10829        -0.10829
  140          0.00000         0.10829        -0.10829
  141          0.00000         0.10829        -0.10829
  142          0.00000         0.10829        -0.10829
  143          0.00000         0.10829        -0.10829
  144          0.00000         0.10829        -0.10829
  145          0.00000         0.10829        -0.10829
  146          0.00000         0.10829        -0.10829
  147          0.00000         0.10829        -0.10829
  148          0.00000         0.10829        -0.10829
  149          0.00000         0.10829        -0.10829
  150          0.00000         0.10829        -0.10829
  151          0.00000         0.10829        -0.10829
  152          0.00000         0.10829        -0.10829
  153          0.00000         0.10829        -0.10829
  154          0.00000         0.10829        -0.10829
  155          0.00000         0.10829        -0.10829
  156          0.00000         0.10829        -0.10829
  157          0.00000         0.10829        -0.10829
  158          0.00000         0.10829        -0.10829
  159          0.00000         0.10829        -0.10829
  160          0.00000         0.10829        -0.10829
  161          0.00000         0.10829        -0.10829
  162          0.00000         0.10829        -0.10829
  163          0.00000         0.10829        -0.10829
  164          0.00000         0.10829        -0.10829
  165          0.00000         0.10829        -0.10829
  166          0.00000         0.10829        -0.10829
  167          0.00000         0.10829        -0.10829
  168          0.00000         0.10829        -0.10829
  169          0.00000         0.10829        -0.10829
  170          0.00000         0.10829        -0.10829
  171          0.00000         0.10829        -0.10829
  172          0.00000         0.10829        -0.10829
  173          0.00000         0.10829        -0.10829
  174          0.00000         0.10829        -0.10829
  175          0.00000         0.10829        -0.10829
  176          0.00000         0.10829        -0.10829
  177          0.00000         0.10829        -0.10829
  178          0.00000         0.10829        -0.10829
  179          0.00000         0.10829        -0.10829
  180          0.00000         0.10829        -0.10829
  181          0.00000         0.10829        -0.10829
  182          0.00000         0.10829        -0.10829
  183          0.00000         0.10829        -0.10829
  184          0.00000         0.10829        -0.10829
  185          0.00000         0.10829        -0.10829
  186          0.00000         0.10829        -0.10829
  187          0.00000         0.10829        -0.10829
  188          0.00000         0.10829        -0.10829
  189          0.00000         0.10829        -0.10829
  190          0.00000         0.10829        -0.10829
  191          0.00000         0.10829        -0.10829
  192          0.00000         0.10829        -0.10829
  193          0.00000         0.10829        -0.10829
  194          0.00000         0.10829        -0.10829
  195          0.00000         0.10829        -0.10829
  196          0.00000         0.10829        -0.10829
  197          0.00000         0.10829        -0.10829
  198          0.00000         0.10829        -0.10829
  199          0.00000         0.10829        -0.10829
  200          0.00000         0.10829        -0.10829
  201          0.00000         0.10829        -0.10829
  202          0.00000         0.10829        -0.10829
  203          0.00000         0.10829        -0.10829
  204          0.00000         0.10829        -0.10829
  205          0.00000         0.79336        -0.79336
  206          0.00000         0.79336        -0.79336
  207          0.00000         0.79336        -0.79336
  208          0.00000         0.79336        -0.79336
  209          0.00000         0.79336        -0.79336
  210          0.00000         0.79336        -0.79336
  211          0.00000         0.79336        -0.79336
  212          0.00000         0.79336        -0.79336
  213          0.00000         0.79336        -0.79336
  214          0.00000         0.79336        -0.79336
  215          0.00000         0.79336        -0.79336
  216          0.00000         0.79336        -0.79336
  217          0.00000         0.79336        -0.79336
  218          0.00000         0.79336        -0.79336
  219          0.00000         0.79336        -0.79336
  220          0.00000         0.79336        -0.79336
  221          0.00000         0.79336        -0.79336
  222          0.00000         0.79336        -0.79336
  223          0.00000         0.79336        -0.79336
  224          0.00000         0.79336        -0.79336
  225          0.00000         0.79336        -0.79336
  226          0.00000         0.79336        -0.79336
  227          0.00000         0.79336        -0.79336
  228          0.00000         0.79336        -0.79336
  229          0.00000         0.79336        -0.79336
  230          1.00000         0.79336         0.20664
  231          1.00000         0.79336         0.20664
  232          1.00000         0.79336         0.20664
  233          1.00000         0.79336         0.20664
  234          1.00000         0.79336         0.20664
  235          1.00000         0.79336         0.20664
  236          1.00000         0.79336         0.20664
  237          1.00000         0.79336         0.20664
  238          1.00000         0.79336         0.20664
  239          1.00000         0.79336         0.20664
  240          1.00000         0.79336         0.20664
  241          1.00000         0.79336         0.20664
  242          1.00000         0.79336         0.20664
  243          1.00000         0.79336         0.20664
  244          1.00000         0.79336         0.20664
  245          1.00000         0.79336         0.20664
  246          1.00000         0.79336         0.20664
  247          1.00000         0.79336         0.20664
  248          1.00000         0.79336         0.20664
  249          1.00000         0.79336         0.20664
  250          1.00000         0.79336         0.20664
  251          1.00000         0.79336         0.20664
  252          1.00000         0.79336         0.20664
  253          1.00000         0.79336         0.20664
  254          1.00000         0.79336         0.20664
  255          1.00000         0.79336         0.20664
  256          1.00000         0.79336         0.20664
  257          1.00000         0.79336         0.20664
  258          1.00000         0.79336         0.20664
  259          1.00000         0.79336         0.20664
  260          1.00000         0.79336         0.20664
  261          1.00000         0.79336         0.20664
  262          1.00000         0.79336         0.20664
  263          1.00000         0.79336         0.20664
  264          1.00000         0.79336         0.20664
  265          1.00000         0.79336         0.20664
  266          1.00000         0.79336         0.20664
  267          1.00000         0.79336         0.20664
  268          1.00000         0.79336         0.20664
  269          1.00000         0.79336         0.20664
  270          1.00000         0.79336         0.20664
  271          1.00000         0.79336         0.20664
  272          1.00000         0.79336         0.20664
  273          1.00000         0.79336         0.20664
  274          1.00000         0.79336         0.20664
  275          1.00000         0.79336         0.20664
  276          1.00000         0.79336         0.20664
  277          1.00000         0.79336         0.20664
  278          1.00000         0.79336         0.20664
  279          1.00000         0.79336         0.20664
  280          1.00000         0.79336         0.20664
  281          1.00000         0.79336         0.20664
  282          1.00000         0.79336         0.20664
  283          1.00000         0.79336         0.20664
  284          1.00000         0.79336         0.20664
  285          1.00000         0.79336         0.20664
  286          1.00000         0.79336         0.20664
  287          1.00000         0.79336         0.20664
  288          1.00000         0.79336         0.20664
  289          1.00000         0.79336         0.20664
  290          1.00000         0.79336         0.20664
  291          1.00000         0.79336         0.20664
  292          1.00000         0.79336         0.20664
  293          1.00000         0.79336         0.20664
  294          1.00000         0.79336         0.20664
  295          1.00000         0.79336         0.20664
  296          1.00000         0.79336         0.20664
  297          1.00000         0.79336         0.20664
  298          1.00000         0.79336         0.20664
  299          1.00000         0.79336         0.20664
  300          1.00000         0.79336         0.20664
  301          1.00000         0.79336         0.20664
  302          1.00000         0.79336         0.20664
  303          1.00000         0.79336         0.20664
  304          1.00000         0.79336         0.20664
  305          1.00000         0.79336         0.20664
  306          1.00000         0.79336         0.20664
  307          1.00000         0.79336         0.20664
  308          1.00000         0.79336         0.20664
  309          1.00000         0.79336         0.20664
  310          1.00000         0.79336         0.20664
  311          1.00000         0.79336         0.20664
  312          1.00000         0.79336         0.20664
  313          1.00000         0.79336         0.20664
  314          1.00000         0.79336         0.20664
  315          1.00000         0.79336         0.20664
  316          1.00000         0.79336         0.20664
  317          1.00000         0.79336         0.20664
  318          1.00000         0.79336         0.20664
  319          1.00000         0.79336         0.20664
  320          1.00000         0.79336         0.20664
  321          1.00000         0.79336         0.20664
  322          1.00000         0.79336         0.20664
  323          1.00000         0.79336         0.20664
  324          1.00000         0.79336         0.20664
  325          1.00000         0.79336         0.20664
  326          1.00000         0.79336         0.20664
  327          1.00000         0.79336         0.20664
  328          1.00000         0.79336         0.20664
  329          1.00000         0.79336         0.20664
  330          1.00000         0.79336         0.20664
  331          1.00000         0.79336         0.20664
  332          1.00000         0.79336         0.20664
  333          1.00000         0.79336         0.20664
  334          1.00000         0.79336         0.20664
  335          1.00000         0.79336         0.20664
  336          1.00000         0.79336         0.20664
  337          1.00000         0.79336         0.20664
  338          1.00000         0.79336         0.20664
  339          1.00000         0.79336         0.20664
  340          1.00000         0.79336         0.20664
  341          1.00000         0.79336         0.20664
  342          1.00000         0.79336         0.20664
  343          1.00000         0.79336         0.20664
  344          1.00000         0.79336         0.20664
  345          1.00000         0.79336         0.20664
  346          1.00000         0.79336         0.20664
  347          1.00000         0.79336         0.20664
  348          1.00000         0.79336         0.20664
  349          1.00000         0.79336         0.20664
  350          1.00000         0.79336         0.20664
  351          1.00000         0.79336         0.20664
  352          1.00000         0.79336         0.20664
  353          1.00000         0.79336         0.20664
  354          1.00000         0.79336         0.20664
  355          1.00000         0.79336         0.20664
  356          1.00000         0.79336         0.20664
  357          1.00000         0.79336         0.20664
  358          1.00000         0.79336         0.20664
  359          1.00000         0.79336         0.20664
  360          1.00000         0.79336         0.20664
  361          1.00000         0.79336         0.20664
  362          1.00000         0.79336         0.20664
  363          1.00000         0.79336         0.20664
  364          1.00000         0.79336         0.20664
  365          1.00000         0.79336         0.20664
  366          1.00000         0.79336         0.20664
  367          1.00000         0.79336         0.20664
  368          1.00000         0.79336         0.20664
  369          1.00000         0.79336         0.20664
  370          1.00000         0.79336         0.20664
  371          1.00000         0.79336         0.20664
  372          1.00000         0.79336         0.20664
  373          1.00000         0.79336         0.20664
  374          1.00000         0.79336         0.20664
  375          1.00000         0.79336         0.20664
  376          1.00000         0.79336         0.20664
  377          1.00000         0.79336         0.20664
  378          1.00000         0.79336         0.20664
  379          1.00000         0.79336         0.20664
  380          1.00000         0.79336         0.20664
  381          1.00000         0.79336         0.20664
  382          1.00000         0.79336         0.20664
  383          1.00000         0.79336         0.20664
  384          1.00000         0.79336         0.20664
  385          1.00000         0.79336         0.20664
  386          1.00000         0.79336         0.20664
  387          1.00000         0.79336         0.20664
  388          1.00000         0.79336         0.20664
  389          1.00000         0.79336         0.20664
  390          1.00000         0.79336         0.20664
  391          1.00000         0.79336         0.20664
  392          1.00000         0.79336         0.20664
  393          1.00000         0.79336         0.20664
  394          1.00000         0.79336         0.20664
  395          1.00000         0.79336         0.20664
  396          1.00000         0.79336         0.20664
  397          1.00000         0.79336         0.20664
  398          1.00000         0.79336         0.20664
  399          1.00000         0.79336         0.20664
  400          1.00000         0.79336         0.20664
  401          1.00000         0.79336         0.20664
  402          1.00000         0.79336         0.20664
  403          1.00000         0.79336         0.20664
  404          1.00000         0.79336         0.20664
  405          1.00000         0.79336         0.20664
  406          1.00000         0.79336         0.20664
  407          1.00000         0.79336         0.20664
  408          1.00000         0.79336         0.20664
  409          1.00000         0.79336         0.20664
  410          1.00000         0.79336         0.20664
  411          1.00000         0.79336         0.20664
  412          1.00000         0.79336         0.20664
  413          1.00000         0.79336         0.20664
  414          1.00000         0.79336         0.20664
  415          1.00000         0.79336         0.20664
  416          1.00000         0.79336         0.20664
  417          1.00000         0.79336         0.20664
  418          1.00000         0.79336         0.20664
  419          1.00000         0.79336         0.20664
  420          1.00000         0.79336         0.20664
  421          1.00000         0.79336         0.20664
  422          1.00000         0.79336         0.20664
  423          1.00000         0.79336         0.20664
  424          1.00000         0.79336         0.20664
  425          1.00000         0.79336         0.20664
  426          1.00000         0.79336         0.20664
  427          1.00000         0.79336         0.20664
  428          1.00000         0.79336         0.20664
  429          1.00000         0.79336         0.20664
  430          1.00000         0.79336         0.20664
  431          1.00000         0.79336         0.20664
  432          1.00000         0.79336         0.20664
  433          1.00000         0.79336         0.20664
  434          1.00000         0.79336         0.20664
  435          1.00000         0.79336         0.20664
  436          1.00000         0.79336         0.20664
  437          1.00000         0.79336         0.20664
  438          1.00000         0.79336         0.20664
  439          1.00000         0.79336         0.20664
  440          1.00000         0.79336         0.20664
  441          1.00000         0.79336         0.20664
  442          1.00000         0.79336         0.20664
  443          1.00000         0.79336         0.20664
  444          1.00000         0.79336         0.20664
  445          1.00000         0.79336         0.20664
  446          1.00000         0.79336         0.20664
  447          1.00000         0.79336         0.20664
  448          1.00000         0.79336         0.20664
  449          1.00000         0.79336         0.20664
  450          1.00000         0.79336         0.20664
  451          1.00000         0.79336         0.20664
  452          1.00000         0.79336         0.20664
  453          1.00000         0.79336         0.20664
  454          1.00000         0.79336         0.20664
  455          1.00000         0.79336         0.20664
  456          1.00000         0.79336         0.20664
  457          1.00000         0.79336         0.20664
  458          1.00000         0.79336         0.20664
  459          1.00000         0.79336         0.20664
  460          1.00000         0.79336         0.20664
  461          1.00000         0.79336         0.20664
  462          1.00000         0.79336         0.20664
  463          1.00000         0.79336         0.20664
  464          1.00000         0.79336         0.20664
  465          1.00000         0.79336         0.20664
  466          1.00000         0.79336         0.20664
  467          1.00000         0.79336         0.20664
  468          1.00000         0.79336         0.20664
  469          1.00000         0.79336         0.20664
  470          1.00000         0.79336         0.20664
  471          1.00000         0.79336         0.20664
  472          1.00000         0.79336         0.20664
  473          1.00000         0.79336         0.20664
  474          1.00000         0.79336         0.20664
  475          1.00000         0.79336         0.20664
  476          1.00000         0.79336         0.20664
  477          1.00000         0.79336         0.20664
  478          1.00000         0.79336         0.20664
  479          1.00000         0.79336         0.20664
  480          1.00000         0.79336         0.20664
  481          1.00000         0.79336         0.20664
  482          1.00000         0.79336         0.20664
  483          1.00000         0.79336         0.20664
  484          1.00000         0.79336         0.20664
  485          1.00000         0.79336         0.20664
  486          1.00000         0.79336         0.20664
  487          1.00000         0.79336         0.20664
  488          1.00000         0.79336         0.20664
  489          1.00000         0.79336         0.20664
  490          1.00000         0.79336         0.20664
  491          1.00000         0.79336         0.20664
  492          1.00000         0.79336         0.20664
  493          1.00000         0.79336         0.20664
  494          1.00000         0.79336         0.20664
  495          1.00000         0.79336         0.20664
  496          1.00000         0.79336         0.20664
  497          1.00000         0.79336         0.20664
  498          1.00000         0.79336         0.20664
  499          1.00000         0.79336         0.20664
  500          1.00000         0.79336         0.20664
  501          1.00000         0.79336         0.20664
  502          1.00000         0.79336         0.20664
  503          1.00000         0.79336         0.20664
  504          1.00000         0.79336         0.20664
  505          1.00000         0.79336         0.20664
  506          1.00000         0.79336         0.20664
  507          1.00000         0.79336         0.20664
  508          1.00000         0.79336         0.20664
  509          1.00000         0.79336         0.20664
  510          1.00000         0.79336         0.20664
  511          1.00000         0.79336         0.20664
  512          1.00000         0.79336         0.20664
  513          1.00000         0.79336         0.20664
  514          1.00000         0.79336         0.20664
  515          1.00000         0.79336         0.20664
  516          1.00000         0.79336         0.20664
  517          1.00000         0.79336         0.20664
  518          1.00000         0.79336         0.20664
  519          1.00000         0.79336         0.20664
  520          1.00000         0.79336         0.20664
  521          1.00000         0.79336         0.20664
  522          1.00000         0.79336         0.20664
  523          1.00000         0.79336         0.20664
  524          1.00000         0.79336         0.20664
  525          1.00000         0.79336         0.20664
  526          1.00000         0.79336         0.20664
  527          1.00000         0.79336         0.20664
  528          1.00000         0.79336         0.20664
  529          1.00000         0.79336         0.20664
  530          1.00000         0.79336         0.20664
  531          1.00000         0.79336         0.20664
  532          1.00000         0.79336         0.20664
  533          1.00000         0.79336         0.20664
  534          1.00000         0.79336         0.20664
  535          1.00000         0.79336         0.20664
  536          1.00000         0.79336         0.20664
  537          1.00000         0.79336         0.20664
  538          1.00000         0.79336         0.20664
  539          1.00000         0.79336         0.20664
  540          1.00000         0.79336         0.20664
  541          1.00000         0.79336         0.20664
  542          1.00000         0.79336         0.20664
  543          1.00000         0.79336         0.20664
  544          1.00000         0.79336         0.20664
  545          1.00000         0.79336         0.20664
  546          1.00000         0.79336         0.20664
  547          1.00000         0.79336         0.20664
  548          1.00000         0.79336         0.20664
  549          1.00000         0.79336         0.20664
  550          1.00000         0.79336         0.20664
  551          1.00000         0.79336         0.20664
  552          1.00000         0.79336         0.20664
  553          1.00000         0.79336         0.20664
  554          1.00000         0.79336         0.20664
  555          1.00000         0.79336         0.20664
  556          1.00000         0.79336         0.20664
  557          1.00000         0.79336         0.20664
  558          1.00000         0.79336         0.20664
  559          1.00000         0.79336         0.20664
  560          1.00000         0.79336         0.20664
  561          1.00000         0.79336         0.20664
  562          1.00000         0.79336         0.20664
  563          1.00000         0.79336         0.20664
  564          1.00000         0.79336         0.20664
  565          1.00000         0.79336         0.20664
  566          1.00000         0.79336         0.20664
  567          1.00000         0.79336         0.20664
  568          1.00000         0.79336         0.20664
  569          1.00000         0.79336         0.20664
  570          1.00000         0.79336         0.20664
  571          1.00000         0.79336         0.20664
  572          1.00000         0.79336         0.20664
  573          1.00000         0.79336         0.20664
  574          1.00000         0.79336         0.20664
  575          1.00000         0.79336         0.20664
  576          1.00000         0.79336         0.20664
  577          1.00000         0.79336         0.20664
  578          1.00000         0.79336         0.20664
  579          1.00000         0.79336         0.20664
  580          1.00000         0.79336         0.20664
  581          1.00000         0.79336         0.20664
  582          1.00000         0.79336         0.20664
  583          1.00000         0.79336         0.20664
  584          1.00000         0.79336         0.20664
  585          1.00000         0.79336         0.20664
  586          1.00000         0.79336         0.20664
  587          1.00000         0.79336         0.20664
  588          1.00000         0.79336         0.20664
  589          1.00000         0.79336         0.20664
  590          1.00000         0.79336         0.20664
  591          1.00000         0.79336         0.20664
  592          1.00000         0.79336         0.20664
  593          1.00000         0.79336         0.20664
  594          1.00000         0.79336         0.20664
  595          1.00000         0.79336         0.20664
  596          1.00000         0.79336         0.20664
  597          1.00000         0.79336         0.20664
  598          1.00000         0.79336         0.20664
  599          1.00000         0.79336         0.20664
  600          1.00000         0.79336         0.20664
  601          1.00000         0.79336         0.20664
  602          1.00000         0.79336         0.20664
  603          1.00000         0.79336         0.20664
  604          1.00000         0.79336         0.20664
  605          1.00000         0.79336         0.20664
  606          1.00000         0.79336         0.20664
  607          1.00000         0.79336         0.20664
  608          1.00000         0.79336         0.20664
  609          1.00000         0.79336         0.20664
  610          1.00000         0.79336         0.20664
  611          1.00000         0.79336         0.20664
  612          1.00000         0.79336         0.20664
  613          1.00000         0.79336         0.20664
  614          1.00000         0.79336         0.20664
  615          1.00000         0.79336         0.20664
  616          1.00000         0.79336         0.20664
  617          1.00000         0.79336         0.20664
  618          1.00000         0.79336         0.20664
  619          1.00000         0.79336         0.20664
  620          1.00000         0.79336         0.20664
  621          1.00000         0.79336         0.20664
  622          1.00000         0.79336         0.20664
  623          1.00000         0.79336         0.20664
  624          1.00000         0.79336         0.20664
  625          1.00000         0.79336         0.20664
  626          1.00000         0.79336         0.20664
  627          1.00000         0.79336         0.20664
  628          1.00000         0.79336         0.20664
  629          1.00000         0.79336         0.20664
  630          1.00000         0.79336         0.20664
  631          1.00000         0.79336         0.20664
  632          1.00000         0.79336         0.20664
  633          1.00000         0.79336         0.20664
  634          1.00000         0.79336         0.20664
  635          1.00000         0.79336         0.20664
  636          1.00000         0.79336         0.20664
  637          1.00000         0.79336         0.20664
  638          1.00000         0.79336         0.20664
  639          1.00000         0.79336         0.20664
  640          1.00000         0.79336         0.20664
  641          1.00000         0.79336         0.20664
  642          1.00000         0.79336         0.20664
  643          1.00000         0.79336         0.20664
  644          1.00000         0.79336         0.20664
  645          1.00000         0.79336         0.20664
  646          1.00000         0.79336         0.20664
  647          1.00000         0.79336         0.20664
  648          1.00000         0.79336         0.20664
  649          1.00000         0.79336         0.20664
  650          1.00000         0.79336         0.20664
  651          1.00000         0.79336         0.20664
  652          1.00000         0.79336         0.20664
  653          1.00000         0.79336         0.20664
  654          1.00000         0.79336         0.20664
  655          1.00000         0.79336         0.20664
  656          1.00000         0.79336         0.20664
  657          1.00000         0.79336         0.20664
  658          1.00000         0.79336         0.20664
  659          1.00000         0.79336         0.20664
  660          1.00000         0.79336         0.20664
  661          1.00000         0.79336         0.20664
  662          1.00000         0.79336         0.20664
  663          1.00000         0.79336         0.20664
  664          1.00000         0.79336         0.20664
  665          1.00000         0.79336         0.20664
  666          1.00000         0.79336         0.20664
  667          1.00000         0.79336         0.20664
  668          1.00000         0.79336         0.20664
  669          1.00000         0.79336         0.20664
  670          1.00000         0.79336         0.20664
  671          1.00000         0.79336         0.20664
  672          1.00000         0.79336         0.20664
  673          1.00000         0.79336         0.20664
  674          1.00000         0.79336         0.20664
  675          1.00000         0.79336         0.20664
  676          1.00000         0.79336         0.20664
  677          0.00000         0.79336        -0.79336
  678          0.00000         0.79336        -0.79336
  679          0.00000         0.79336        -0.79336
  680          1.00000         0.79336         0.20664
  681          1.00000         0.79336         0.20664
  682          0.00000         0.79336        -0.79336
  683          0.00000         0.79336        -0.79336
  684          0.00000         0.79336        -0.79336
  685          1.00000         0.79336         0.20664
  686          0.00000         0.79336        -0.79336
  687          0.00000         0.79336        -0.79336
  688          0.00000         0.79336        -0.79336
  689          0.00000         0.79336        -0.79336
  690          0.00000         0.79336        -0.79336
  691          0.00000         0.79336        -0.79336
  692          0.00000         0.79336        -0.79336
  693          0.00000         0.79336        -0.79336
  694          0.00000         0.79336        -0.79336
  695          0.00000         0.79336        -0.79336
  696          0.00000         0.79336        -0.79336
  697          0.00000         0.79336        -0.79336
  698          0.00000         0.79336        -0.79336
  699          0.00000         0.79336        -0.79336
  700          0.00000         0.79336        -0.79336
  701          0.00000         0.79336        -0.79336
  702          0.00000         0.79336        -0.79336
  703          0.00000         0.79336        -0.79336
  704          0.00000         0.79336        -0.79336
  705          0.00000         0.79336        -0.79336
  706          0.00000         0.79336        -0.79336
  707          0.00000         0.79336        -0.79336
  708          0.00000         0.79336        -0.79336
  709          0.00000         0.79336        -0.79336
  710          0.00000         0.79336        -0.79336
  711          0.00000         0.79336        -0.79336
  712          0.00000         0.79336        -0.79336
  713          0.00000         0.79336        -0.79336
  714          0.00000         0.79336        -0.79336
  715          0.00000         0.79336        -0.79336
  716          0.00000         0.79336        -0.79336
  717          0.00000         0.79336        -0.79336
  718          0.00000         0.79336        -0.79336
  719          0.00000         0.79336        -0.79336
  720          0.00000         0.79336        -0.79336
  721          0.00000         0.79336        -0.79336
  722          0.00000         0.79336        -0.79336
  723          0.00000         0.79336        -0.79336
  724          0.00000         0.79336        -0.79336
  725          0.00000         0.79336        -0.79336
  726          0.00000         0.79336        -0.79336
  727          0.00000         0.79336        -0.79336
  728          0.00000         0.79336        -0.79336
  729          0.00000         0.79336        -0.79336
  730          0.00000         0.79336        -0.79336
  731          0.00000         0.79336        -0.79336
  732          0.00000         0.79336        -0.79336
  733          0.00000         0.79336        -0.79336
  734          0.00000         0.09958        -0.09958
  735          0.00000         0.09958        -0.09958
  736          0.00000         0.09958        -0.09958
  737          0.00000         0.09958        -0.09958
  738          0.00000         0.09958        -0.09958
  739          0.00000         0.09958        -0.09958
  740          0.00000         0.09958        -0.09958
  741          0.00000         0.09958        -0.09958
  742          0.00000         0.09958        -0.09958
  743          0.00000         0.09958        -0.09958
  744          0.00000         0.09958        -0.09958
  745          0.00000         0.09958        -0.09958
  746          0.00000         0.09958        -0.09958
  747          0.00000         0.09958        -0.09958
  748          0.00000         0.09958        -0.09958
  749          0.00000         0.09958        -0.09958
  750          0.00000         0.09958        -0.09958
  751          0.00000         0.09958        -0.09958
  752          0.00000         0.09958        -0.09958
  753          0.00000         0.09958        -0.09958
  754          0.00000         0.09958        -0.09958
  755          0.00000         0.09958        -0.09958
  756          0.00000         0.09958        -0.09958
  757          0.00000         0.09958        -0.09958
  758          0.00000         0.09958        -0.09958
  759          0.00000         0.09958        -0.09958
  760          0.00000         0.09958        -0.09958
  761          0.00000         0.09958        -0.09958
  762          0.00000         0.09958        -0.09958
  763          0.00000         0.09958        -0.09958
  764          0.00000         0.09958        -0.09958
  765          0.00000         0.09958        -0.09958
  766          0.00000         0.09958        -0.09958
  767          0.00000         0.09958        -0.09958
  768          0.00000         0.09958        -0.09958
  769          0.00000         0.09958        -0.09958
  770          0.00000         0.09958        -0.09958
  771          0.00000         0.09958        -0.09958
  772          0.00000         0.09958        -0.09958
  773          0.00000         0.09958        -0.09958
  774          0.00000         0.09958        -0.09958
  775          0.00000         0.09958        -0.09958
  776          0.00000         0.09958        -0.09958
  777          0.00000         0.09958        -0.09958
  778          0.00000         0.09958        -0.09958
  779          0.00000         0.09958        -0.09958
  780          0.00000         0.09958        -0.09958
  781          0.00000         0.09958        -0.09958
  782          0.00000         0.09958        -0.09958
  783          0.00000         0.09958        -0.09958
  784          0.00000         0.09958        -0.09958
  785          0.00000         0.09958        -0.09958
  786          0.00000         0.09958        -0.09958
  787          0.00000         0.09958        -0.09958
  788          0.00000         0.09958        -0.09958
  789          0.00000         0.09958        -0.09958
  790          0.00000         0.09958        -0.09958
  791          0.00000         0.09958        -0.09958
  792          0.00000         0.09958        -0.09958
  793          0.00000         0.09958        -0.09958
  794          0.00000         0.09958        -0.09958
  795          0.00000         0.09958        -0.09958
  796          0.00000         0.09958        -0.09958
  797          0.00000         0.44732        -0.44732
  798          0.00000         0.44732        -0.44732
  799          0.00000         0.44732        -0.44732
  800          0.00000         0.44732        -0.44732
  801          0.00000         0.44732        -0.44732
  802          0.00000         0.44732        -0.44732
  803          0.00000         0.44732        -0.44732
  804          0.00000         0.44732        -0.44732
  805          0.00000         0.44732        -0.44732
  806          0.00000         0.44732        -0.44732
  807          0.00000         0.44732        -0.44732
  808          0.00000         0.44732        -0.44732
  809          0.00000         0.44732        -0.44732
  810          0.00000         0.44732        -0.44732
  811          0.00000         0.44732        -0.44732
  812          0.00000         0.44732        -0.44732
  813          0.00000         0.44732        -0.44732
  814          0.00000         0.44732        -0.44732
  815          0.00000         0.44732        -0.44732
  816          0.00000         0.44732        -0.44732
  817          0.00000         0.44732        -0.44732
  818          0.00000         0.44732        -0.44732
  819          0.00000         0.44732        -0.44732
  820          0.00000         0.44732        -0.44732
  821          0.00000         0.44732        -0.44732
  822          0.00000         0.44732        -0.44732
  823          0.00000         0.44732        -0.44732
  824          0.00000         0.44732        -0.44732
  825          0.00000         0.44732        -0.44732
  826          0.00000         0.44732        -0.44732
  827          0.00000         0.44732        -0.44732
  828          0.00000         0.44732        -0.44732
  829          0.00000         0.44732        -0.44732
  830          0.00000         0.44732        -0.44732
  831          0.00000         0.44732        -0.44732
  832          0.00000         0.44732        -0.44732
  833          0.00000         0.44732        -0.44732
  834          0.00000         0.44732        -0.44732
  835          0.00000         0.44732        -0.44732
  836          0.00000         0.44732        -0.44732
  837          0.00000         0.44732        -0.44732
  838          0.00000         0.44732        -0.44732
  839          0.00000         0.44732        -0.44732
  840          0.00000         0.44732        -0.44732
  841          0.00000         0.44732        -0.44732
  842          0.00000         0.44732        -0.44732
  843          0.00000         0.44732        -0.44732
  844          0.00000         0.44732        -0.44732
  845          0.00000         0.44732        -0.44732
  846          0.00000         0.44732        -0.44732
  847          0.00000         0.44732        -0.44732
  848          0.00000         0.44732        -0.44732
  849          0.00000         0.44732        -0.44732
  850          0.00000         0.44732        -0.44732
  851          0.00000         0.44732        -0.44732
  852          0.00000         0.44732        -0.44732
  853          0.00000         0.44732        -0.44732
  854          0.00000         0.44732        -0.44732
  855          0.00000         0.44732        -0.44732
  856          0.00000         0.44732        -0.44732
  857          0.00000         0.44732        -0.44732
  858          0.00000         0.44732        -0.44732
  859          0.00000         0.44732        -0.44732
  860          0.00000         0.44732        -0.44732
  861          0.00000         0.44732        -0.44732
  862          0.00000         0.44732        -0.44732
  863          0.00000         0.44732        -0.44732
  864          0.00000         0.44732        -0.44732
  865          0.00000         0.44732        -0.44732
  866          0.00000         0.44732        -0.44732
  867          0.00000         0.44732        -0.44732
  868          0.00000         0.44732        -0.44732
  869          0.00000         0.44732        -0.44732
  870          0.00000         0.44732        -0.44732
  871          0.00000         0.44732        -0.44732
  872          0.00000         0.44732        -0.44732
  873          0.00000         0.44732        -0.44732
  874          0.00000         0.44732        -0.44732
  875          0.00000         0.44732        -0.44732
  876          0.00000         0.44732        -0.44732
  877          0.00000         0.44732        -0.44732
  878          0.00000         0.44732        -0.44732
  879          0.00000         0.44732        -0.44732
  880          1.00000         0.79414         0.20586
  881          1.00000         0.79414         0.20586
  882          1.00000         0.79414         0.20586
  883          1.00000         0.79414         0.20586
  884          1.00000         0.79414         0.20586
  885          1.00000         1.51496        -0.51496
  886          1.00000         1.51496        -0.51496
  887          1.00000         1.51496        -0.51496
  888          1.00000         1.51496        -0.51496
  889          1.00000         1.51496        -0.51496
  890          1.00000         1.51496        -0.51496
  891          1.00000         1.51496        -0.51496
  892          1.00000         1.51496        -0.51496
  893          1.00000         1.51496        -0.51496
  894          1.00000         1.51496        -0.51496
  895          1.00000         1.51496        -0.51496
  896          1.00000         1.51496        -0.51496
  897          1.00000         1.51496        -0.51496
  898          1.00000         1.51496        -0.51496
  899          1.00000         1.51496        -0.51496
  900          1.00000         1.51496        -0.51496
  901          1.00000         1.51496        -0.51496
  902          1.00000         1.51496        -0.51496
  903          1.00000         1.51496        -0.51496
  904          1.00000         1.51496        -0.51496
  905          1.00000         1.51496        -0.51496
  906          1.00000         1.51496        -0.51496
  907          1.00000         1.51496        -0.51496
  908          1.00000         1.51496        -0.51496
  909          1.00000         1.51496        -0.51496
  910          1.00000         1.51496        -0.51496
  911          1.00000         1.51496        -0.51496
  912          1.00000         1.51496        -0.51496
  913          1.00000         1.51496        -0.51496
  914          1.00000         1.51496        -0.51496
  915          1.00000         1.51496        -0.51496
  916          1.00000         1.51496        -0.51496
  917          1.00000         1.51496        -0.51496
  918          1.00000         1.51496        -0.51496
  919          1.00000         1.51496        -0.51496
  920          1.00000         1.51496        -0.51496
  921          1.00000         1.51496        -0.51496
  922          1.00000         1.51496        -0.51496
  923          1.00000         1.51496        -0.51496
  924          1.00000         1.51496        -0.51496
  925          1.00000         1.51496        -0.51496
  926          1.00000         1.51496        -0.51496
  927          1.00000         1.51496        -0.51496
  928          1.00000         1.51496        -0.51496
  929          1.00000         1.51496        -0.51496
  930          1.00000         1.51496        -0.51496
  931          1.00000         1.51496        -0.51496
  932          1.00000         1.51496        -0.51496
  933          1.00000         1.04330        -0.04330
  934          1.00000         1.04330        -0.04330
  935          1.00000         1.04330        -0.04330
  936          1.00000         0.79336         0.20664
  937          1.00000         0.79336         0.20664
  938          1.00000         0.79336         0.20664
  939          1.00000         0.79336         0.20664
  940          1.00000         0.79336         0.20664
  941          1.00000         0.79336         0.20664
  942          1.00000         0.79336         0.20664
  943          1.00000         1.04330        -0.04330
  944          1.00000         0.84990         0.15010
  945          1.00000         0.84990         0.15010
  946          1.00000         0.84990         0.15010
  947          1.00000         0.84990         0.15010
  948          1.00000         0.84990         0.15010
  949          1.00000         0.84990         0.15010
  950          1.00000         0.84990         0.15010
  951          1.00000         0.84990         0.15010
  952          1.00000         0.84990         0.15010
  953          1.00000         0.84990         0.15010
  954          1.00000         0.84990         0.15010
  955          1.00000         0.84990         0.15010
  956          1.00000         0.84990         0.15010
  957          1.00000         0.84990         0.15010
  958          1.00000         0.84990         0.15010
  959          1.00000         0.84990         0.15010
  960          1.00000         0.84990         0.15010
  961          1.00000         0.84990         0.15010
  962          1.00000         0.84990         0.15010
  963          1.00000         0.84990         0.15010
  964          1.00000         0.84990         0.15010
  965          1.00000         0.84990         0.15010
  966          1.00000         0.84990         0.15010
  967          1.00000         0.84990         0.15010
  968          1.00000         0.84990         0.15010
  969          1.00000         0.84990         0.15010
  970          1.00000         0.84990         0.15010
  971          1.00000         0.84990         0.15010
  972          1.00000         0.84990         0.15010
  973          1.00000         0.84990         0.15010
  974          1.00000         0.84990         0.15010
  975          1.00000         0.84990         0.15010
  976          1.00000         0.84990         0.15010
  977          1.00000         0.84990         0.15010
  978          1.00000         0.84990         0.15010
  979          1.00000         0.84990         0.15010
  980          1.00000         0.84990         0.15010
  981          1.00000         0.84990         0.15010
  982          1.00000         0.84990         0.15010
  983          1.00000         0.84990         0.15010
  984          1.00000         0.84990         0.15010
  985          1.00000         0.84990         0.15010
  986          1.00000         0.84990         0.15010
  987          1.00000         0.84990         0.15010
  988          1.00000         0.84990         0.15010
  989          1.00000         0.84990         0.15010
  990          1.00000         0.84990         0.15010
  991          1.00000         0.84990         0.15010
  992          1.00000         0.84990         0.15010
  993          1.00000         0.84990         0.15010
  994          1.00000         0.84990         0.15010
  995          1.00000         0.84990         0.15010
  996          1.00000         0.84990         0.15010
  997          1.00000         0.84990         0.15010
  998          1.00000         0.84990         0.15010
  999          1.00000         0.84990         0.15010
 1000          1.00000         0.84990         0.15010
 1001          1.00000         0.84990         0.15010
 1002          1.00000         0.84990         0.15010
 1003          1.00000         0.84990         0.15010
 1004          1.00000         0.84990         0.15010
 1005          1.00000         0.84990         0.15010
 1006          1.00000         0.84990         0.15010
 1007          1.00000         0.84990         0.15010
 1008          1.00000         0.84990         0.15010
 1009          1.00000         0.84990         0.15010
 1010          1.00000         0.84990         0.15010
 1011          1.00000         0.84990         0.15010
 1012          1.00000         0.84990         0.15010
 1013          1.00000         0.84990         0.15010
 1014          1.00000         0.84990         0.15010
 1015          1.00000         0.84990         0.15010
 1016          1.00000         0.84990         0.15010
 1017          1.00000         0.84990         0.15010
 1018          1.00000         0.84990         0.15010
 1019          1.00000         0.84990         0.15010
 1020          1.00000         0.84990         0.15010
 1021          1.00000         0.84990         0.15010
 1022          1.00000         0.84990         0.15010
 1023          1.00000         0.84990         0.15010
 1024          1.00000         0.84990         0.15010
 1025          1.00000         0.84990         0.15010
 1026          1.00000         0.84990         0.15010
 1027          1.00000         0.84990         0.15010
 1028          1.00000         0.84990         0.15010
 1029          1.00000         0.84990         0.15010
 1030          1.00000         0.84990         0.15010
 1031          1.00000         0.84990         0.15010
 1032          1.00000         0.84990         0.15010
 1033          1.00000         0.84990         0.15010
 1034          1.00000         0.84990         0.15010
 1035          1.00000         0.84990         0.15010
 1036          1.00000         0.84990         0.15010
 1037          1.00000         0.84990         0.15010
 1038          1.00000         0.84990         0.15010
 1039          1.00000         0.84990         0.15010
 1040          1.00000         0.84990         0.15010
 1041          1.00000         0.84990         0.15010
 1042          1.00000         0.84990         0.15010
 1043          1.00000         0.84990         0.15010
 1044          1.00000         0.84990         0.15010
 1045          1.00000         0.84990         0.15010
 1046          1.00000         0.84990         0.15010
 1047          1.00000         0.84990         0.15010
 1048          1.00000         0.84990         0.15010
 1049          1.00000         0.84990         0.15010
 1050          1.00000         0.84990         0.15010
 1051          1.00000         0.84990         0.15010
 1052          1.00000         0.84990         0.15010
 1053          1.00000         0.84990         0.15010
 1054          1.00000         0.84990         0.15010
 1055          1.00000         0.84990         0.15010
 1056          1.00000         0.84990         0.15010
 1057          1.00000         0.84990         0.15010
 1058          1.00000         0.84990         0.15010
 1059          1.00000         0.84990         0.15010
 1060          1.00000         0.84990         0.15010
 1061          1.00000         0.84990         0.15010
 1062          1.00000         0.84990         0.15010
 1063          1.00000         0.84990         0.15010
 1064          1.00000         0.84990         0.15010
 1065          1.00000         0.84990         0.15010
 1066          1.00000         0.84990         0.15010
 1067          1.00000         0.84990         0.15010
 1068          1.00000         0.84990         0.15010
 1069          1.00000         0.84990         0.15010
 1070          1.00000         0.84990         0.15010
 1071          1.00000         0.84990         0.15010
 1072          1.00000         0.84990         0.15010
 1073          1.00000         0.84990         0.15010
 1074          1.00000         0.84990         0.15010
 1075          1.00000         0.84990         0.15010
 1076          1.00000         0.84990         0.15010
 1077          1.00000         0.84990         0.15010
 1078          1.00000         0.84990         0.15010
 1079          1.00000         0.84990         0.15010
 1080          1.00000         0.84990         0.15010
 1081          1.00000         0.84990         0.15010
 1082          1.00000         0.84990         0.15010
 1083          1.00000         0.84990         0.15010
 1084          1.00000         0.84990         0.15010
 1085          1.00000         0.84990         0.15010
 1086          1.00000         0.84990         0.15010
 1087          1.00000         0.84990         0.15010
 1088          1.00000         0.44810         0.55190
 1089          1.00000         0.44810         0.55190
 1090          1.00000         0.44810         0.55190
 1091          1.00000         0.44810         0.55190
 1092          1.00000         0.44810         0.55190
 1093          1.00000         0.44810         0.55190
 1094          1.00000         0.44810         0.55190
 1095          1.00000         1.16892        -0.16892
 1096          1.00000         1.16892        -0.16892
 1097          1.00000         1.16892        -0.16892
 1098          1.00000         1.16892        -0.16892
 1099          1.00000         1.16892        -0.16892
 1100          1.00000         1.16892        -0.16892
 1101          1.00000         1.16892        -0.16892
 1102          1.00000         1.16892        -0.16892
 1103          1.00000         1.16892        -0.16892
 1104          1.00000         1.16892        -0.16892
 1105          1.00000         1.16892        -0.16892
 1106          1.00000         1.16892        -0.16892
 1107          1.00000         1.16892        -0.16892
 1108          1.00000         1.16892        -0.16892
 1109          1.00000         1.16892        -0.16892
 1110          1.00000         1.16892        -0.16892
 1111          1.00000         1.16892        -0.16892
 1112          1.00000         1.16892        -0.16892
 1113          1.00000         1.16892        -0.16892
 1114          1.00000         1.16892        -0.16892
 1115          1.00000         1.16892        -0.16892
 1116          1.00000         1.16892        -0.16892
 1117          1.00000         1.16892        -0.16892
 1118          1.00000         1.16892        -0.16892
 1119          1.00000         1.16892        -0.16892
 1120          1.00000         1.16892        -0.16892
 1121          1.00000         1.16892        -0.16892
 1122          1.00000         1.16892        -0.16892
 1123          1.00000         1.16892        -0.16892
 1124          1.00000         1.16892        -0.16892
 1125          1.00000         1.16892        -0.16892
 1126          1.00000         1.16892        -0.16892
 1127          1.00000         1.16892        -0.16892
 1128          1.00000         1.16892        -0.16892
 1129          1.00000         1.16892        -0.16892
 1130          1.00000         1.16892        -0.16892
 1131          1.00000         1.16892        -0.16892
 1132          1.00000         1.16892        -0.16892
 1133          1.00000         1.16892        -0.16892
 1134          1.00000         1.16892        -0.16892
 1135          1.00000         1.16892        -0.16892
 1136          1.00000         1.16892        -0.16892
 1137          1.00000         1.16892        -0.16892
 1138          1.00000         1.16892        -0.16892
 1139          1.00000         0.44732         0.55268
 1140          1.00000         0.44732         0.55268
 1141          1.00000         0.44732         0.55268
 1142          1.00000         0.44732         0.55268
 1143          1.00000         0.44732         0.55268
 1144          1.00000         0.44732         0.55268
 1145          1.00000         0.44732         0.55268
 1146          1.00000         0.44732         0.55268
 1147          1.00000         0.44732         0.55268
 1148          1.00000         0.44732         0.55268
 1149          1.00000         0.44732         0.55268
 1150          1.00000         0.44732         0.55268
 1151          1.00000         0.44732         0.55268
 1152          1.00000         0.44732         0.55268
 1153          1.00000         0.44732         0.55268
 1154          1.00000         0.44732         0.55268
 1155          1.00000         0.44732         0.55268
 1156          1.00000         0.44732         0.55268
 1157          1.00000         0.44732         0.55268
 1158          1.00000         0.44732         0.55268
 1159          1.00000         0.44732         0.55268
 1160          1.00000         0.44732         0.55268
 1161          1.00000         0.44732         0.55268
 1162          1.00000         0.44732         0.55268
 1163          1.00000         0.44732         0.55268
 1164          1.00000         0.44732         0.55268
 1165          1.00000         0.44732         0.55268
 1166          1.00000         0.50386         0.49614
 1167          1.00000         0.50386         0.49614
 1168          1.00000         0.50386         0.49614
 1169          1.00000         0.50386         0.49614
 1170          1.00000         0.50386         0.49614
 1171          1.00000         0.50386         0.49614
 1172          1.00000         0.50386         0.49614
 1173          1.00000         0.50386         0.49614
 1174          1.00000         0.50386         0.49614
 1175          1.00000         0.50386         0.49614
 1176          1.00000         0.50386         0.49614
 1177          1.00000         0.50386         0.49614
 1178          1.00000         0.50386         0.49614
 1179          1.00000         0.50386         0.49614
 1180          1.00000         0.50386         0.49614
 1181          1.00000         0.50386         0.49614
 1182          1.00000         0.50386         0.49614
 1183          1.00000         0.50386         0.49614
 1184          1.00000         0.50386         0.49614
 1185          1.00000         0.50386         0.49614
 1186          1.00000         0.69726         0.30274
 1187          1.00000         0.69726         0.30274
 1188          1.00000         0.69726         0.30274
 1189          1.00000         0.50386         0.49614
 1190          1.00000         0.50386         0.49614
 1191          1.00000         0.50386         0.49614
 1192          1.00000         0.50386         0.49614
 1193          1.00000         0.69726         0.30274
 1194          1.00000         0.69726         0.30274
 1195          1.00000         0.69726         0.30274
 1196          1.00000         0.69726         0.30274
 1197          1.00000         0.69726         0.30274
 1198          1.00000         0.69726         0.30274
 1199          1.00000         0.69726         0.30274
 1200          1.00000         0.69726         0.30274
 1201          1.00000         0.69726         0.30274
 1202          1.00000         0.69726         0.30274
 1203          1.00000         0.69726         0.30274
 1204          1.00000         0.69726         0.30274
 1205          1.00000         0.69726         0.30274
 1206          1.00000         0.69726         0.30274
 1207          1.00000         0.69726         0.30274
 1208          1.00000         0.50386         0.49614
 1209          1.00000         0.50386         0.49614
 1210          1.00000         0.50386         0.49614
 1211          1.00000         0.50386         0.49614
 1212          1.00000         0.50386         0.49614
 1213          1.00000         0.50386         0.49614
 1214          1.00000         0.50386         0.49614
 1215          1.00000         0.50386         0.49614
 1216          1.00000         0.50386         0.49614
 1217          1.00000         0.50386         0.49614
 1218          1.00000         0.50386         0.49614
 1219          1.00000         0.50386         0.49614
 1220          1.00000         0.50386         0.49614
 1221          1.00000         0.50386         0.49614
 1222          1.00000         0.50386         0.49614
 1223          1.00000         0.50386         0.49614
 1224          1.00000         0.50386         0.49614
 1225          1.00000         0.50386         0.49614
 1226          1.00000         0.50386         0.49614
 1227          1.00000         0.50386         0.49614
 1228          1.00000         0.50386         0.49614
 1229          1.00000         0.50386         0.49614
 1230          1.00000         0.50386         0.49614
 1231          1.00000         0.50386         0.49614
 1232          1.00000         0.50386         0.49614
 1233          1.00000         0.69726         0.30274
 1234          1.00000         0.50386         0.49614
 1235          1.00000         0.50386         0.49614
 1236          1.00000         0.50386         0.49614
 1237          1.00000         0.50386         0.49614
============================== END OF REPORT ================================



